#each monomer segments distance from centre of capsid(r/R)
1.4243825284093716
0.36095032294786134
-2.7807630656668203
5.048984818042716
-1.4476598538861118
-1.0757021113127057
3.9168281967963114
2.147907334200409
-1.3213417195855524
-1.4285087109709862
6.929184881780948
3.92996131244615
2.0372588428802128
-3.8645964286218675
-4.608135235173863
1.6036853280579473
1.2114428492724354
-3.416788743720873
-1.3864364198320116
-5.245681809310019
1.3527040926235891
0.28109883418171955
1.6277178518083777
-4.246705215590879
-4.756321826361924
-0.4118472666704223
3.9384718884596874
-2.5350597405528386
1.4087364149774648
3.0227541098398443
-0.6363490200235122
-2.2767395492308973
-5.206811635996697
4.590060760340223
5.684413295061723
-2.4204832003091425
4.519395580045576
2.4698278218951697
0.8394867293103799
1.5879366501755157
-4.691142784106661
-3.1524132565959837
1.7899400824665912
4.661736644475166
4.38184822052517
3.6629962396190523
-5.067013837426738
4.954688500918661
5.397447797371387
3.241519043354148
-1.2596015664592342
1.3234714652947266
2.9762054944407006
1.4067099810149124
-2.2695543545789776
4.240118073284113
-2.17826623791213
-1.0290422490269857
-2.1060654722119745
2.988885692611971
3.2834393661672663
-0.4392529276140867
-3.818928435983506
-4.065696432528709
-4.046220930814398
-0.33554538670219847
-2.2174359330667333
1.5529070376754004
0.08045411839952483
-3.699861760470311
-3.0575546417253836
3.6398267979322214
-3.4559140267894577
3.197630346444586
-3.194171664700851
4.131809272318968
-1.7598569841011922
-1.7895171836895354
1.532231008437393
2.7525110783364686
0.6625509986057515
-3.0554009774875897
3.116526723596026
2.763476706131205
1.236430604271143
3.2837673900188706
-2.5610536092801475
6.316209408600509
2.4964566765784078
1.0262637174736124
-2.70621078869958
2.274531485571748
-3.74250676792788
1.4024849899000156
1.572186367866209
-3.434761974730129
-3.762885775873694
-0.9863581257125346
3.56601190520708
-1.5936381806683992
-2.99807979139771
1.1552542752312156
1.4653235584957027
-3.123564755455806
-2.2994862257966013
3.8664879280380857
-2.735772025814816
-2.131412278059457
0.8506425679172145
3.2318263888176975
-0.18206753485941024
5.07891615857286
5.425178699884116
-1.1819748764718483
2.562469691954715
1.6222515751129503
3.8584734077408633
-4.827595937950806
1.8881043130705797
3.93066784105975
2.398796194043099
2.1710965350491214
2.3402407602170703
-3.6612172491917367
0.26582430510577226
-1.7766250606470593
0.3723549225893966
2.713493571329158
-4.090448118245907
4.010534879053143
-4.654661513541934
-2.625536396694843
-3.9645022343006247
-2.277304447775459
4.079499985593921
0.004191923478744751
1.7382247832830988
-0.4936985991506454
-4.123595165447496
-3.5165437424614443
-1.778158868192515
-4.73638223052853
-1.1387811445998859
-3.6989644565734636
-4.706636071110476
-1.9654072189876057
-3.719789448680598
3.456420730412455
-5.130731064368243
-2.0523864367230416
0.8918637494590037
-2.258982141221331
-5.677968334504057
3.589079801564288
-4.253832145099015
-2.298981351485401
1.5101197706902616
3.76717252369755
-3.0901921938388734
1.8980825808452075
-2.6311485229833607
3.5171132768554756
-0.4697004076122628
1.077764705384702
2.37244839678499
2.8774405676174477
-1.951761205181475
-1.634725543124815
-2.4886221496475303
-4.079272370771313
3.853443130967127
-5.708667112155014
2.439150829597513
0.40213877787360164
3.086551746311621
-3.2641699582767885
-6.679393176124661
0.80802658081779
-5.2884034905757
0.3339263754999501
-0.9161556685163108
1.5508336354284342
-3.1819390033013466
-2.658741283353767
2.312341293686076
-2.729038057414625
-3.0627651654052346
-3.8030924123088234
-2.725837789021126
5.966032630811907
4.939984978338941
-3.2015585236437816
3.430358496036219
-2.3974643518673497
4.017667626889761
2.99437836841932
-2.255520648256914
3.327745644980776
0.3230599472499664
-2.513424293323512
-3.4436618881701393
-1.0514614469750454
2.3612768943660685
-4.198837812298603
2.4507221169317797
1.2063138530472535
2.479093298149195
3.6527547909552713
-2.238300940307022
3.464708460983257
2.0789425000130697
-4.120687273412891
2.2530658148617513
4.011842721757502
6.873255760180524
-4.399745520539104
-3.0178120153596972
-1.8283692974663164
2.7787219757678345
2.0318415092540874
5.022673325285011
0.4608398906924529
-0.8098621105632569
-1.3538397977007133
1.141867646515733
0.8287828127163295
4.201775380580604
-2.80424152969965
-0.05865215338440027
-2.0941814380109074
1.2567893527560887
-4.046156243933829
-0.6347483814207896
-2.538920760753193
-1.0351461722949586
5.0898814518164865
-1.3634086892678863
-3.096881913642911
-0.6901115691353246
-0.8042952538896508
-5.167984679690667
3.2787517052332187
-3.1356358458845337
3.0331457913528417
3.1845729930682154
2.066432902662759
-1.8868692488777297
3.902797865078626
3.154100735160883
1.4391534679366471
1.8176165308796983
5.7639684780909715
2.3462985414783173
3.1305067068719135
-1.9088441006322587
-2.4749711522604194
-1.1868584929330392
3.090140587293949
-3.5926698255001313
3.6049168771928155
0.9205562925464855
-1.7836199221520979
5.739587712335429
3.3513623293905495
3.286648528457197
0.6205365027562478
-0.3617798293946055
-1.1204487393391964
4.71500086678335
3.828995932268665
0.1654222440453298
3.531891511618851
3.527331870291669
-3.5778545351659408
2.7582160273900738
-3.9669733584396574
3.3350421793501326
1.784523837872616
3.2265599764557917
0.07886599600500437
-2.059454422032412
3.755149115113187
2.2227421201030593
2.6309981835400493
-4.414577208906578
-2.1100935639642695
-1.6587192790951093
-4.325151626908927
1.3314936938488873
-4.018528881795662
0.2707861407699537
2.3405234170357585
0.5774511177903566
-2.8137123742638077
-0.7014100823374376
-4.607908775557405
-4.892948261271505
1.1477693254305623
3.4695452449278656
5.846887095016502
2.6846007798871594
1.9586221734551004
-2.1459605389481786
6.559058259372741
2.6146465964503176
4.602194646650965
0.3609755888011424
4.017643651429496
-3.116873607406057
-4.142864980195134
-2.1136102920031106
-2.2016227071234953
-3.5606151203317395
4.0816171656054605
-3.500478418033997
-2.064441699458619
1.275235716075789
0.899755073322186
-2.860340391478579
-4.825928199088531
1.8105497107998572
0.5055737165927076
0.9726935229244468
-1.9055634939368193
2.246769911055961
-3.4457934557837047
3.5990969760251525
-5.339389134921165
-0.8536536967259559
-6.638187873282753
-1.6513162802732735
-1.4071933069239162
2.512775617879821
-3.480061662187566
-3.4318443043543083
-1.72018527491269
3.0654739921138954
2.6193173767135662
-3.7338391712144268
-2.83243733038786
-3.432614771489248
0.9712838126709634
4.676405595966242
-2.09729259373577
-2.352890711899616
1.1130908929974617
-2.5344083215864726
-1.1375800954311823
0.3913709524854108
-4.439463572785483
-2.6086422734226593
-5.044393203739803
-4.431874085915202
-1.164672629784953
-1.2672430034338025
-4.404534976269108
1.7882921672670926
-3.0485885030403312
-0.09233621266752677
1.5115851730135828
1.505327872029508
-3.976293654882108
3.194547318846131
4.177451849642542
3.4918670803355774
-3.143006566615032
-5.461208944514922
-3.6888861596639795
-3.311481045588405
-1.120825063694857
2.397207227529674
-2.9656948721308583
5.1172273935887445
-2.699831843583495
3.6865675008818575
-6.299301806677922
-2.1722034979840177
4.038935365489356
1.5063156825817663
-3.3844540293710494
0.4789167386590202
5.909849489123052
-2.122003508286518
-1.6160558156355636
3.9919433845666368
-3.637790692623901
6.487644376280307
-2.6098042597123627
4.545050905460244
4.257657078235457
3.51285414407588
3.7756259240386814
3.6153256283621347
-2.493364532694916
-1.2885405476161493
-3.4030590764088826
3.78491583475902
-1.6272459386714018
-2.7846367136737316
5.9764153231304356
1.6809492023345098
-1.825217931043942
3.987403036672
-4.105042965680128
2.9473713548166263
-2.618715062182337
-2.5958539818215542
4.646456880147917
-4.688571319837905
-1.0495657258550912
0.009242944591102942
5.050058435248328
1.1415788144055115
1.079402141258963
-2.8258182629679083
-1.4128724315185432
2.6977896796037366
-1.5785704958983249
3.427905577461405
2.32413578619433
2.790201187373655
1.9077521060422626
1.92636077279157
-2.5053507002746795
4.933851128466489
2.329127939029133
-2.4378179035064784
-4.0587577437844145
-2.351445947322253
-1.9864798881929073
2.9918637612296735
1.5082350897944463
1.4064524965257272
2.8428931577533216
0.05807785134834612
3.703450120838046
-2.026956954446007
-5.019699185576078
1.934310484374684
5.344171846061955
-2.5168870191716155
-1.2161545123128967
2.3294740695880365
2.3110949906647567
0.1389692846492398
-7.1151968817144535
1.2486443216832999
-1.4763254650907267
-2.801900959255041
5.1110388858578855
-1.0391574022653567
-4.026403489891619
2.5763118304551327
0.7796831134543887
3.242367475017789
-5.115810020610358
-4.6401292573564685
3.408221222646073
2.594529586460721
4.132516704365728
-0.7663191601359792
1.7556747668093475
3.330310113868243
-4.0531592242969605
4.522615961308574
-4.1222865684932986
-0.9713793847322896
3.2715807638781436
1.0703972926720724
5.300260819902856
5.674533926969109
-2.0642192986652264
3.7852328629017182
4.212906699902694
2.164351538103404
4.123269381740035
1.0359648094653096
1.3391740216528456
-0.967726606707592
-2.7603900716051215
-5.1183648012300065
-0.5506361150022602
3.288621550314182
1.576605680143075
2.2526203749328175
-1.935522474040789
-0.8751549682443455
1.416834344701417
-1.8013845543301918
0.581637392262371
-3.75822729133616
-1.9509798712774857
3.471182537295513
2.6944416543334277
-1.3613496135860723
-6.893586838990361
-4.804281570702869
2.506971365937181
2.0763340747459447
-0.0573996668465465
-0.8858081111974575
-5.25856180603393
3.820774776890005
1.4634674536815047
3.1695419304050216
-5.253014695904037
-3.792407235357699
-1.4917520406701414
6.118483599856453
2.3749026049233635
4.123202823524098
1.457378368333885
2.0487563685330987
-3.276609872032703
-2.079483132653664
4.242302873684055
-3.8125571811565844
-2.0115004429811103
4.054509176685596
1.534758261682462
-4.45750480231949
3.4593401911876813
-3.155163932257129
6.616476641591133
-3.099621443719054
-1.5247608507632575
1.7305752921020106
2.940101872106447
3.298147322751324
-1.5326634155832535
-2.589168600656591
3.0933874032768403
3.0002547052938744
1.3379291928976795
-3.9729258982004554
-4.412681542235337
-3.6830544749229053
-4.672947530017332
2.6513395129898885
-1.941979955184979
1.6668675316844286
-1.568909552954949
6.349433210203722
1.6471387311322156
-2.697765631597297
-0.12979714471062753
-5.929825226507238
-1.1755685244181535
-2.2658788512413195
-5.392189598211058
1.2481466413099298
0.321514012177778
-4.235959259313791
1.3133068481927164
1.952781797652633
2.9499383189511184
-3.2201314494586866
-0.7792651049023939
-3.5031899125179495
-0.533616656999533
4.94565224102895
3.487416214545307
3.5691858240979064
1.8817377789750704
-0.49326294967655204
-0.9908033464908537
-4.656555238972057
-1.9843223580508291
1.136577881218802
-2.56837337210382
1.8010339999549487
-3.1784025564374896
-3.7662510445250956
1.5970949505458223
1.4129307811878176
-0.7061797134051423
-3.000982505612789
5.200138358559288
-1.1092168026835327
-4.390896551401885
2.5461134508212853
-2.5869419684470025
-0.755500460700141
-2.1500864393908032
1.372148384534489
2.517052295065204
-1.8000377572821038
5.199687493999789
1.162822158539493
-4.022677760373019
1.3018889700313654
-1.288832661799144
3.494824007552906
1.109313445298885
6.1369589668040305
-1.969623524760397
1.6500822078026405
-3.0096231511433214
-2.5975622285064657
-1.2376015676099135
-2.147653428491521
-1.9838746955456723
-6.019852445979678
-4.702872068055289
0.8611218751809656
-3.4517642740517527
-2.9866166186437497
4.821895974077411
3.6558088930787465
-0.5566280908365149
-6.344572802478561
-4.239891164987274
-2.6377057933113135
-4.168389638843098
3.4496581268787785
1.3644406014895443
1.1238609897653538
-0.503676489594693
3.025517555826058
3.5731199859889085
-1.1322539932423268
0.7893489901098283
1.2140828980516492
1.4950474258003046
-2.2736318101461794
6.272983154801418
-4.066927856837871
-3.4989643283845964
-0.7139846606259393
1.2520956546934556
2.390768888583702
-2.113589158531226
3.62587631673351
-0.9580970048704026
-1.9545021559546947
-1.2842640081299008
-2.22536006998832
0.10314338680833865
3.266040661041567
-5.260434773407185
-1.6677557723267717
-2.624223026195392
-2.0121672981136873
2.6467369231473166
-4.293058317950054
-1.128217945099192
4.270274948484106
-5.104171272080981
-0.763832859345754
1.5227304503969288
1.3885948153445964
-4.367131332013789
-4.2723339072249304
-4.6139650576735045
-3.1731771072599453
-2.1365318837143557
2.7945700312324027
2.720801065865102
-5.977399765842422
-2.993642932738546
2.6184257018830124
-0.048389882835301656
-1.910148210809669
0.6446521624540668
-2.2011028456793102
4.803516547516723
-4.6253507021112785
1.9436552608427775
2.0326049676647893
-1.6174443518527568
-4.926407084151857
3.1939221026153
-3.567081528499607
-2.3722392595655064
2.9130650650868772
0.23419860920968194
-2.7747716562344946
3.6529441924779733
-3.378187808751317
2.4439086579951206
-0.8008276892421226
1.6124612492255748
2.690561287342513
-1.2598408239541463
-6.245599501239638
0.412421507286838
1.776663192388667
1.4893569740800978
3.40413444854051
2.766301871802938
-4.266958598017543
3.000178936322353
1.261719050044061
5.513803167961872
-3.6872396291761462
-0.3752866593466863
-3.6705331167755784
-1.096083762996267
3.7030614987359924
3.1703012547555915
1.8939721201488218
-0.7606685938461895
4.831316890431875
-3.003597546941614
4.433608994255803
3.2667241535142755
-0.5643517544723673
1.8559433429376315
-1.0160762587422358
0.9615378229921534
-1.0440869171132772
-6.805833039012785
2.4893090649930554
-1.8351369925046304
2.9898745346477615
3.138199947346103
-4.223723094771566
-3.1356244085321694
-1.7757475770096092
0.194951569352708
-2.173577009142526
-1.9061459704132235
4.571111120226548
-5.646989975945104
-2.75582005286971
4.851013257327037
-4.961362013107654
-2.8972605431659995
3.7311109200561017
-5.6502308852499326
-1.4941363225495128
-3.8131359494998214
-1.5651437305556515
-4.237093922451192
-1.8934913301560479
4.132110511792781
-0.2130066162962386
3.5870890040669754
0.5708994957270569
-1.3560423242367252
2.0701391080353595
-2.5511470677342367
5.707556551888866
2.7876389614469983
3.837896000548248
6.307986351031162
-0.4525516873595147
-0.16138305290763427
3.122442333291851
1.125007889674507
1.0957484933083088
-1.0511077123132297
0.2066096246044036
-2.2614878375919085
-2.0482399066742136
-3.9592009593850146
3.7128111510400106
0.4889411829697894
-0.2557388279458588
2.366790206174842
2.4034195916039667
-2.208206031954709
0.24248021351547944
-1.8103086770443386
1.8181389281741562
-5.000185285496755
0.7622520201980043
4.231440977112106
2.330376071714574
-2.488852780085502
1.2117277895204903
4.368041411965668
3.1279810175408818
-3.8918433803776105
1.5578424023520152
0.7799948639691643
2.4544810440355636
-3.500670761514282
-3.2885022917584696
2.4513836941786575
-6.386904786152793
3.382863645411697
-4.681941242208214
1.9228205028137295
-0.47769157981321236
2.000728600146796
0.25563898195287205
-5.758989215690346
-1.6376549062565005
2.5719907983622896
3.494745654147409
-3.976036751766461
0.18045699939753174
-4.651093192223333
-1.7490624339786278
-1.038482196482684
-0.4866122596228372
-1.8097363785647134
-1.849062525323214
3.828983917996832
-3.8647166000826796
-3.8293912658238676
0.23685577209318512
3.0198715124000675
2.245852048202055
-2.705780186904156
-3.9535601993416956
-3.289928209200991
4.497081098277584
-3.640251272972947
2.9090502906398283
1.4491100234182757
-1.7718877749130348
-2.252464886422446
-1.6532273413998295
3.85062470021054
5.3480029127782185
4.884226926953713
0.05954630682577079
-3.56860487254247
-2.1331120813179107
-1.8746895865999367
-4.353322791119757
-2.0453381594333258
-3.9144559712137044
3.3149213893296516
2.869842754443878
1.1689194433301657
3.5266687500308165
-2.946700262804221
4.269251793865892
1.7772196588143099
2.0308524475667236
1.398029936713565
2.41618109180344
-3.2793450788747767
-1.9386619802745395
2.7696438032368573
-1.4935135201883538
-1.1127082341619454
2.758567623189013
-0.4368809653263622
-2.602703263067061
2.2127596475210676
6.435615894648161
3.336138812215265
3.0081396117060004
-2.003447846219554
1.0280065084484542
-2.4584932364163756
1.374384616421807
-5.990841306295631
4.614292714621354
-4.677074226206513
-3.463843833460566
-2.9292394196905756
1.7280115240580909
6.283554458332625
-3.013632124164022
-4.371180710743076
3.314080662946334
4.379716512440877
0.8120194331702653
1.024076607332088
4.193947518950863
0.873110386360991
-1.7919929411220066
-0.13447857849059586
-0.013922211339899853
-1.062369456359354
-1.089773530729727
2.7978442648661987
-3.781953827488398
-3.4718840360334777
-5.12207300105027
1.4906104089501875
1.1315472630180161
2.3633354168906338
3.318532576442095
-1.4066114500907234
-4.289599840539204
2.0386743574636847
1.3210047825484696
3.6253797268135504
1.3421586940611037
-3.129077062346734
1.0483737154569568
2.3865410068471573
4.6710853039527205
3.208710724206054
-1.5788060795800967
-3.4174939172126706
3.693943334838496
0.18600453761020114
-0.17487914703312993
1.5284619945699567
-1.4760558016334893
4.391482327503591
4.325893191936006
1.716940036757578
0.38009642226879997
3.1319178145121347
-5.164327461212423
-0.4746226738831662
4.090186078778332
2.8880662461480435
-5.098147931626536
-6.167868416268243
3.5439195545527404
2.655144913302887
-3.996676072394023
5.013161855944152
5.1830735085837425
0.883973454552036
1.6054670281503172
-3.5173669319057446
-3.449491754094898
0.38922501789680725
2.7345295652400234
3.3954859021599866
2.2460053071895234
2.986795766794493
-2.762675512374285
2.1082624873417157
3.728875931639813
0.2725103709349671
1.200670515890788
7.044802097998267
-1.3957653792327749
0.17018248602426864
0.9161562658790372
-0.033913575476838806
-2.068864988155456
4.5076030996660865
5.1624213792927165
2.289604828538094
1.7987417917381618
-2.358045216563176
3.4396478401371984
-2.5483500396820524
-3.156080194884377
0.9501787714909368
5.344331775432294
2.7880004389656596
1.3959365437798426
4.368520248645118
0.22408910582419403
-2.372542205888665
-0.6689136994942666
2.0525590259503463
-3.235262606441229
-2.2666607738999893
4.3348265515990105
2.841114380029048
-1.9002639979142426
3.6847184590322866
1.3717912385952071
3.9606339213378807
4.195230379426656
3.560589955825389
2.8972813864149654
-3.838962338724847
3.816454088653206
2.922906986039177
-5.0813834862959215
1.7977658385921695
2.8277557194689273
2.861679066105972
-4.97320495802588
-4.986713236484724
-4.839089103193061
3.404176277649987
3.5832167463356193
1.9774662389611948
1.1388214491011048
-3.2933119271810827
3.266124657898908
3.4609570525019286
-2.7901249486767314
-1.6905551427791476
1.791484345827404
3.70265027136953
1.0791913418306913
-2.113524646675948
-2.5581002225966776
-4.515813236864453
1.1966857381599156
4.374106762344186
-0.8297962348864567
-5.208048106770971
2.8699275118637497
2.0676224878586438
3.42765710310453
4.69638353543203
3.5383366620419445
-0.0655784709750917
-3.337968110699412
-1.5358200485627462
1.1452807515452792
2.599234826372288
-0.2368805645983373
3.7869374836545346
0.8829300005535036
6.225958895507482
-1.9105010816460104
0.2054532187551504
6.709111643316957
-4.441037913148872
1.472175128051647
-2.907110228898151
-2.2852418015326896
5.641823218491679
1.1207617622046782
4.478517108713637
4.63757751834606
-0.9644667712515622
3.9620016269720457
-1.8847130496491586
4.38319773094281
2.263839361860366
-2.6471516588089026
-3.3337256720973114
2.456055326519783
-0.7209532627803983
-0.41859066245710846
-5.311411173439881
-5.518906890905749
4.998929695458631
-1.9780418626747098
-3.6805931476626013
-2.7731185252995805
2.1016150807087466
-1.718619075346197
-3.0441243266703943
4.037267489075783
2.822204192086632
2.699001054226547
-3.7484125598787905
3.85512275884159
0.22288398665415202
2.598347139446711
6.275665959432666
-1.5657496204503987
5.181667576560853
-4.34923474341565
-0.8449151594508012
-2.3725052716806463
5.370029803727474
-1.9035419385162413
1.5123670768462298
-3.818206313808057
-0.31990255734689654
-1.5241600912023279
-1.9918452603734014
2.4483628768432197
-1.8720138366159509
-1.4042139314086084
4.487375065741085
1.2010672527708386
-2.96692315115445
3.7655229280458835
2.0139371468092686
3.5277168543855306
-3.6050819204642433
-1.4797780978838293
-1.3780066140670186
-2.4488053779777315
4.208295506531277
0.20764591251602227
0.7637244791315257
3.2734865587030044
1.8834650580385583
0.7277234147669698
-4.56109619950294
-3.5999864326449886
1.5527360809687019
-3.0255473429814317
-1.376368014933409
-1.3943614066708456
-1.6698218920682277
-0.48506001300246043
3.875767599338916
1.2850651044188393
-6.660144105013414
-2.419508304367333
-2.521639578690684
1.8361408778790906
-3.4615387819931605
-4.823573413077781
-0.5417130998445312
0.6900539978681414
-1.911657792123703
2.98410298468297
-0.7401128139895232
-2.476027636445245
0.8230354839907821
-1.4092055807058885
-2.900807381656446
0.16652186795752133
0.821481745006342
2.630603119557584
1.7293444127589426
3.2293388514434516
6.061559036233482
-2.2902011318582223
-1.9524054825480053
2.8697858376155985
4.292428931948263
1.182740994411835
2.1570383513409648
-2.2696094428190134
-1.7554220634633078
-6.405176117510237
2.712741040650349
3.6687280849321207
0.3269149437057633
2.2657812523292358
-3.848515029974422
4.7000509231128635
3.0880944829359036
-2.667023450347937
-0.3672669584627727
-1.8591505460979663
5.583847200865262
2.0473720768532897
-4.74334481888184
3.61615938326317
-2.171226672196608
3.9701446776769407
-4.602407005265524
-3.4517191269689196
3.5773361977101428
0.5966475363834676
-6.367235638259025
2.493702094560564
-1.2917930976662078
6.754935252226486
1.3316220956386235
-0.012270876207235933
2.4536057384534353
3.1224372882991154
-2.6053503427356866
5.894466307553987
1.3127598173122865
1.5792133789983804
3.128150634289549
1.526387441280538
3.3291566229395655
2.6387023947092425
-0.49213490842666696
-1.4677378142196533
-0.6568843330430276
3.2554217810755426
-1.9233441603386372
-3.4419239626755394
1.7199656962936987
-0.14821613168670986
-3.107588657438695
2.045876697119662
-0.9354597718831505
4.187418795379393
-0.6221979299503934
-3.322408645026286
3.1561860763260774
-6.219476581105933
-3.190783102574731
4.048171754196535
-1.366717001126619
2.1804987431757774
-3.6217817039000515
5.352296609042802
-1.1546901167939394
1.9225753941002839
2.092018934581955
-4.025102834765806
3.6128473738519915
-1.834533571768304
2.824064856867885
-1.3025409906916954
2.0463745036479315
-4.661635727937634
-2.5745432813696256
3.0195852287720175
3.2445861596238554
5.180328466703203
2.4055219835036032
2.943500343479258
2.6764088985850014
-2.4549935951542095
2.1314006673978416
-3.8608721864908557
-0.7107314218294243
2.6061167662712377
-2.664504048833071
-3.3034951705017686
2.672978999345894
-2.1196963299865828
2.0722177851992587
-2.049711372347528
-3.100754575332755
-0.16737910246396417
-1.807971783425397
-1.5376839220144638
-4.038060228014618
-2.1181578180458307
1.225675392799921
6.971676433287352
1.398510372212148
-3.1337422824908914
-3.9855858101437973
-1.816979895962327
-1.8527162898248564
-3.0527963531774875
-2.4453711866341195
2.626658566965983
1.1036007948703106
1.3805518830780135
2.05604986896035
-5.587514011201105
1.8861221565355615
3.7746427102985445
