#each monomer segments distance from centre of capsid(r/R)
-3.7216284222737124
-2.45751527506318
3.4345795431418518
6.723358711390737
4.168511699718715
-1.6996654352224052
7.072225363155883
-3.7916673044175426
1.5961945796257213
-6.259984033775776
-5.239465061087261
6.118118882572605
-1.8481470347747244
-4.957227410569144
-6.672782326888115
4.042366855005704
2.6081887815480034
-4.6867044765265105
0.8166958981089192
-5.06859664763698
3.1787986132358936
0.8285550572603811
-4.1943541036032785
0.9137783006662559
2.9776192824537087
-6.027757571467132
4.668599659543493
-6.584265291206259
-6.769651171257592
6.74112867150405
-3.4764182594737485
2.5502912666776725
-4.236783911575585
5.824803037387207
4.746241782176583
-6.994868609292088
-7.091910145694521
-6.439742431838851
5.8383485086696725
0.2548684569059615
7.106437729476642
-3.6117118004977757
-1.8014166091174033
-1.4668428716351614
-1.3304027130893645
4.836350045315087
-6.6867109782390735
2.3623918637749797
-2.8819399112582635
3.518535116820755
3.3240786620447182
2.7659235812610508
4.457767158815692
-1.9315442340729372
5.400300686787565
-3.36727075551829
7.109134536156929
2.6434118120597376
-3.91553750209338
-4.475859276306101
-2.5740896398700888
5.827332427849909
-2.1364968984246038
-6.199866544286756
3.252524713617813
2.9758424607392366
-7.151107746001167
-2.971338505813377
1.6641054455295488
-3.0063089298615298
3.738211338783426
-3.386779498684587
-2.693809080220583
-2.0538121455014076
2.4884173951647655
-7.392659704974673
2.010145164831847
-4.827281650555016
-6.864599954034874
-7.038518445123033
4.11285693583116
-4.293098975275948
3.3845159616094747
3.626774345888574
-3.0798287125489296
4.278047418969574
-4.300400678453149
4.823455166513899
6.65908480285457
3.9322262510147765
1.9121445709126212
-3.2436874995341616
-0.6240875620077478
3.819828256536761
6.719872332043566
3.8499580931669506
0.6896671143551402
-5.340060158831167
2.6451453547437125
-5.7656695013017325
1.4259576799585791
0.999301629336571
2.1826278298814494
-2.2848384950767304
-1.8859451627200217
6.734546370329718
4.352444520173201
3.7955628693102406
-3.5575289545216813
4.206467047268008
-0.7493367217332084
-5.527116235961838
2.413769117402024
5.0386581678743765
0.7143637166409503
-5.474039765422866
6.596013141946536
6.734530321992555
4.875063499968926
4.6352766909658625
2.4047072902820394
-3.4496990070022857
1.5129960509379639
-1.3432365160914554
5.366772392863584
5.717920061466744
-6.960314186930171
-4.673049219820341
2.751287101054823
-2.7360608998123968
-6.519387099219804
-4.68553799653616
-5.161387718753999
-5.060858377705406
-2.7635558717460786
4.195503970391258
4.740811756869088
-3.1171055227343913
-2.2908507490580723
-5.3592316617641895
-6.067397397493671
-1.552431586927908
-5.531379495614507
2.871960210373832
-7.42789543392098
-2.4610955272140607
1.4349420786996776
7.047613609574915
-2.691832776762559
4.578268525469119
-2.4332623609088824
6.92992335249564
-6.476551469850845
5.755435549375373
-3.9328969629093424
-4.045696977998858
2.843755158815377
2.413697694866949
2.855297570359149
3.182938314106146
3.524349476756605
2.2834452485039742
-3.7964589909657387
-1.0612261274935242
-0.9946916344077738
7.052452881372546
2.829698566192141
-5.50064335099042
-4.025125420775112
4.676957203044228
6.551545611851523
-3.234332780185074
-1.7955182453619842
-7.385096551401698
3.0357829073396343
-6.683394412526604
6.57261953955613
-6.417575141607505
-4.119834530408605
-2.698255221639894
4.59004038618875
-2.401461089555768
6.582893088477169
-5.226119037146662
-1.4528932771928647
-3.141844919604795
-5.104836654091721
-1.8049617238214228
-0.9334292243252437
4.839111861317891
6.132081078979663
5.0400345353709834
2.4454001477844103
5.464701473586868
-2.301951513213546
4.78792450804421
-3.3113804732437018
3.5648646181797323
6.769584909237099
-4.2217513177421795
-4.456251680148412
6.616220353202945
4.8065647421225535
-2.8034963029317144
0.08841652285585057
-4.483592703935667
-4.0919227279812755
3.0544099372449005
-2.129540130978051
4.146263960445381
2.442960840213308
3.9754392203824644
1.4954507331015985
3.7532148109306784
4.197274124212767
-1.6699983797230147
4.745084954537486
6.294412639088921
4.082123512206146
5.723691742421751
-5.875686988377673
-4.040609032052204
6.431691408667935
-7.200650435813369
-3.4401103465423697
3.637668832528066
-7.011585601061323
5.499998723430069
-6.62884745135507
-3.0978395438936746
2.488317066079227
-7.213587536503772
4.368209035068826
-6.699402958188032
7.288990192227268
1.8822915354989518
5.501638970395827
-0.27490507607250025
5.622670159783324
0.5944064199037912
6.261353114614414
3.1449132146170684
6.3909957452495485
-5.354204902889238
2.9591526015709655
3.2240312434329894
1.7867430499944712
-4.734250807726801
-5.106043640939278
4.460504830784927
3.2119632073659172
-4.779898204446973
-0.4391817521752232
-0.921824805647906
3.146635955330071
5.040803934577068
-2.323251041703778
-1.746283526773856
3.1419107346495387
5.013776450239946
0.7013385996473684
6.723461461224541
-3.6516230925863353
-2.2843803444739232
5.8036724931135515
5.108123028083724
2.4428548173450864
6.39863069222004
-3.062338938700196
5.971870398234384
2.8822883748671946
4.6191581131051
3.258022965782776
-0.311789169894336
-7.589061311679379
-2.6379094072202216
-4.801312153550751
-4.78647103282113
-4.310296782111068
2.2802544593762244
6.197727859613182
6.36961004482552
3.608347388898017
-2.3904866710980297
-0.988915915780755
-3.574138473235855
-4.545598486613902
5.339846942593712
4.452530989891425
5.561238078695568
6.805212124626555
3.752138598794671
-0.21781406677671297
7.02126050645
2.5858292875315927
4.188798253577858
6.104122734940405
-2.4826226160269185
-7.31520859845145
2.648249785411818
-4.894217891871381
-2.4971353710440534
-6.615215928846366
-5.374149500849149
-3.8558097874066437
2.8031938980757616
1.054343134741891
4.490084898761645
-3.0068991778221474
2.1346229157108216
3.0448677923707788
-0.8933426812089095
-2.152062120661985
-2.590078528938144
0.4997439379950873
1.3597049671445611
2.6941559915943705
-6.2659727738158
-2.5388242760435125
-6.219229872785687
-2.792924198908754
2.1505754158342967
-3.255392234342585
-6.712112870690707
-4.650425645150724
3.5876449720093033
1.1468569063083618
-4.643470510465434
1.248078506195096
-1.0417937382624323
3.098881863808764
0.9811659481648086
2.900607536539571
-5.721876193634157
-4.3984718780825585
-3.727068875866234
-1.3371399294945325
-2.24238627655991
5.717231855993407
4.49755267360294
2.9678150367340748
6.959482549213188
-6.709780277982001
2.330251861744518
-1.5915546882840754
2.0238772643760057
1.9484942300303238
2.045453951727321
6.255793137116175
-5.245014163290572
-3.7463026440681824
-0.5044464931019161
5.292942815120371
3.9681041571438747
5.962802725994918
1.3574425061028368
0.5520089952127027
5.4126609895006705
4.29552735136625
2.8584979215413338
-3.3760287885810136
0.4183657177415503
-3.1062523241406494
-5.388610020487732
6.722166608029898
-3.989848518972922
-3.6816214153283147
6.640842012876848
-2.636594417607322
-3.6161848381891155
-4.4328884392811325
1.748329510244793
5.486318098571435
7.224423598290105
3.5811113794390255
-0.5331540277086521
-3.257593325725325
-3.2053281067666957
3.4041599369377646
-6.707396851234448
6.6409344523800655
2.183042729758977
1.5254901563866317
-5.846329462367701
2.4030715719487588
6.022986855444209
3.0407288322358643
-6.888180592525903
4.586372297799034
2.7931258214493306
4.051836094625414
6.062628421423457
2.6345170810159666
3.2964895661015268
-2.9902997900226618
0.44902191983423173
1.4038591707912844
-4.214346604949283
3.5307300687514376
3.500755622118253
6.4299543322568145
-2.9391105772089166
3.487847058849635
-7.003254537948335
0.545656752952115
1.3393668976137658
1.2666561271903496
6.235193265105869
-3.888609614309656
2.2888771686013887
-2.5783002008166513
-6.86893221358034
-1.3675369366815084
6.042762572780315
-5.7527795070717005
4.829334085660348
-4.676927178194636
2.6395963746002207
-6.555116128173435
-6.682876417856664
2.082588451575085
1.411797327088343
-1.5831818800944855
4.050297720617097
4.034362304361605
-3.635386924944706
-4.69657795861344
-2.954062991657248
-3.643758280401993
1.4910170878646012
-3.302355405027012
2.5635192779455904
2.0473890966889106
0.20895408932948065
3.8172043881712945
0.7495978008041638
5.27538928636206
-1.0066223503735332
-2.2709090636799076
3.051161763774254
5.032240648162612
6.719482772836126
6.5242528106193935
-2.305371356140274
2.627880417728842
4.818121598261086
-4.788762677094656
4.169084216527621
-6.799008206625259
-5.186371920392742
5.04916882572358
2.187908086495364
1.9273358384985317
4.887401834219516
1.419404878747119
1.5447486929451286
-2.5934509882608863
-1.2454752393314383
5.272627575047115
-1.884730699274901
-4.086928894032081
2.31458118563874
-6.740594171499618
1.7120127083487406
-2.268441372411655
1.807811822886875
3.6474752507811
6.557736694424454
-6.853567639273123
-4.968502847981021
-2.175627121768801
-6.368154420295304
7.078900899306336
3.588921755887668
-5.579612945720418
-6.63389241292015
-1.7825012688876556
-0.7880997204603282
5.818083296486504
3.453561082121928
0.7998710967932218
-6.444503090408705
-1.7848039806664735
4.6181643555318646
-6.869434642571609
-3.8832526076724054
5.399836328395458
-0.07347691604922311
5.469933524293297
-1.5229319887689639
-2.4797935994342786
-6.077025815093087
-2.84334374089494
2.674762692463283
2.4440225601317724
2.894123845138722
3.4031736922814395
-2.6388519195787077
0.8837187485756548
1.8213291204335627
-6.874979257327895
3.598439394350089
2.9292193771580823
-1.9898481893414026
4.30720963420078
-0.6126250232167562
-3.9776637042395806
5.919642984856666
4.097384924985245
-1.5302592188592838
-2.054442027313126
-2.676440934621577
-3.1062150020923784
-3.7077338634028854
6.683436259476147
3.660965270590841
4.044269327725613
-1.6230962702420142
6.344180384549482
-2.579818424579321
-0.9915862094252237
-6.724518532861702
-7.117799432256573
6.510425647271117
3.670290648528839
5.314367759755869
-6.272957729443644
6.11319282774913
4.332288922514781
2.8418019996998747
-3.469534331001932
2.997168964350269
-3.435433410975316
-1.926277795284245
2.006386558388976
4.238917916135016
4.540255914909634
1.241585380484127
-3.0525762472868796
-3.4650685699929493
-6.299074025653448
1.8974134441336918
-4.128220749251221
0.5195913792328799
-4.71192349268726
3.9360841289138033
-2.9737172212593963
-5.655988104990244
-4.656644695130805
2.6193070604370003
-2.763091165073726
4.813732306320231
-0.9853311383447467
6.200594830745819
-2.362023720443012
-3.7964421417440564
-2.2957987114861473
-3.5505361895183642
-1.6202434764169358
-0.679104212287123
-7.178426599838815
6.694287997912009
0.47737523858632674
5.450438597144483
-2.0398879323561037
0.10098208686407337
6.857013606484132
-0.14011268726067197
4.866787140073254
1.762877840411116
3.118257628687855
6.84295497374355
-4.018018478632212
2.523653861438329
-3.5544173254148306
-0.7710127112955312
-6.894929802113535
2.56266710539327
5.408336366222552
-5.218401426571758
2.638443019995839
4.976074707137927
1.176042686544922
2.648159193450611
3.6271173582622107
-1.149176166448862
3.596042767381838
4.6936186287683865
1.2542648847426456
-6.369587107256314
4.017661772995755
-2.5416701550689327
-6.274126996795453
-4.506842334038228
-4.882462655092954
-2.802639850116328
6.2565187807254325
0.8764551368342761
4.262543121667992
4.118789902750745
5.10823932725763
-6.532221636413091
-1.5196990188562811
-3.6300534340041093
-1.869948299183068
2.0063236869282166
1.3876499865197331
5.1065578174647746
0.7627350494397055
2.4559058141560035
2.9460057726938085
-2.946254477027156
-2.4495422774862563
3.53809439315364
6.707509136622943
3.860889937919986
5.023985403151181
0.9489086133069871
3.722621028938825
2.6427041926973462
-0.8020795977541022
-6.591673553507326
-3.9424069013925727
-3.1797996843291254
3.9986184074903157
-6.034687866427931
-2.646781301060181
3.383187273970171
-5.940289978658546
4.216476091473152
-3.192196043261407
0.5007466201882443
3.9454386986757757
5.171719021781506
4.03649557760192
5.832476091246584
-6.236118725444452
-6.439495402747628
-1.0946429491330885
-5.259028997514507
7.269351168935362
-4.885357955805886
4.504829257867395
-3.210583018363048
-0.9834588595348177
-6.113368684002414
3.5837147248193264
3.2095924823940365
-0.09959460611306459
-3.69394355939216
-3.9573147443783987
-0.7387987305915251
-0.725906784332237
3.1400536637621483
-4.252894315278142
-3.274986328155777
-2.183990936882435
-0.721246319534866
1.8640404828504804
6.357918036160099
-7.32186283332202
-1.1884695981633138
-7.213558313038131
4.347171062650848
5.349702774250417
-0.03517981882104285
1.522145980280471
3.853793525244402
-6.366749761432921
1.4039601747131054
-7.109219237106036
5.271857021733349
-2.7295729618756086
6.860501639422784
-5.7708081648841745
-2.154107545123851
-6.649096133779537
2.6767758783019464
0.13675090489724528
-0.5911855653378597
3.381801856135361
2.543829292758637
5.377713039890784
-6.953672444193043
4.689104549994455
-0.9764014513848145
-7.020524843698313
-7.302018551779491
-3.462524077491919
1.7556879897099675
-7.001052655647148
-1.9618133608234696
1.8950297653422756
6.3149272533471965
6.547945769202177
6.57386383730782
-1.1907012527624399
4.029155706159089
6.734332889669823
-0.6751942276358556
-1.974303715119061
2.423798294341466
1.3638495453659865
1.8341615144263164
4.545593962819496
-1.9981191844724946
-5.271433822252209
-1.5361515107108268
-6.539084567027712
3.6809770171704264
3.6821689271689926
6.58531018524696
-2.9962710321507937
2.1335397465785135
5.245315489539226
-3.782827556546505
-0.6355008442419561
4.976984802003085
-3.1279564819708177
-3.546580458537518
-1.728768628521246
6.927660870626058
-2.320274889926564
-0.761534124423856
-4.386637678863999
3.6231468880187783
2.971014674065997
-2.391420735595053
2.27450110470894
3.8953150385844766
2.704831525196283
6.218635601381731
-3.861232653942996
-2.9729947287999585
-3.9523030490468205
3.7519539886989084
-4.634565425208528
-6.456138501575517
3.763234340170796
-3.0637468423889684
-2.790713610303299
4.190789268040399
1.1249958473483805
1.8464593335949635
3.797905449773782
-6.201321480338198
5.388316344164032
-6.940467678145557
6.711176729717327
-2.9773373337321107
1.2300194071343993
3.952257064245158
4.5104066165549215
-5.043686025673323
2.000693425285729
-4.982026044732358
-4.135189901478056
-3.5574086824476807
7.1918304937881175
5.780181644049632
7.004908053649489
3.545839308590766
-6.368496690434884
-2.7184256537948976
-1.8607625513215287
-3.063933748804172
-4.660869016193658
5.938744773505817
0.35483028487898155
1.1160959548511735
2.5394162497973194
-4.615373831009923
0.35342350847540455
-5.398809635145539
-3.3248727482910088
4.40851421170554
-5.338663238566252
0.5952544698465805
-2.525819866818252
-2.9792449332014685
-0.12543272750409953
-4.835487089854696
-6.668016624162091
-4.535577911379877
0.08908132121453903
-1.9506894897610105
2.754642372379096
-1.3010108948872934
-3.5356579849116505
2.4583394937287846
4.697094762989403
7.2190292290456615
4.876985993810002
2.594290192182667
3.5316857255315792
-1.8705675330415024
4.4401835870277315
-6.487477812623018
-5.010628243769431
2.741072005647978
-3.8589758709451973
4.4463555685331855
1.6388248030693908
5.36509268873985
-2.1839670278538263
-0.0936301405765334
1.4758725488632014
-4.02926193764084
-2.077120176522752
-0.5811610561095296
4.805095485546242
6.851493404510789
-6.970632867133245
-7.248253202811015
-2.9150978341229994
-4.436110476285699
-1.1288731854061864
3.894364781684738
3.3679738242269477
4.333502400916082
2.6406928137938457
-6.621623641698873
4.112289466242328
2.591007232413176
5.844977455940899
2.1006274243333634
-0.13409971158430564
2.7955698956102824
-4.209873350544984
-1.0510397123405513
5.45520780619975
4.232075974664966
-7.226203634693573
6.574200805988467
5.525122770571863
-0.5398127609011683
6.834311528244849
-4.35520426684029
2.4816391541178078
-6.545825576850273
-6.330835058969347
-5.0720973884151555
0.010121330808581177
-4.02276789700924
6.859265289709216
6.357504879533043
-2.611057569156583
-1.9831163025623866
-7.151207703867962
-1.995399692183886
3.0130371260258255
-5.480561694263231
-5.154882172436732
-3.859882994906667
-3.421733336750601
-2.9286172113068196
-2.9578300772053727
6.882340239487463
-6.489864804115456
5.1533679633480585
0.8753455075142303
-7.0870707317653965
-2.079980319927735
-6.037885401464546
-2.5849042105205777
-2.435319127154771
5.126013609731875
-4.312842347254538
6.7540340614555605
-0.2304124135672435
-5.698798030853177
4.951438812927483
-4.55920960348925
6.7902934182361925
2.4320508627795507
-0.20942968657718317
4.379671272500254
4.253465832431895
6.776451024742229
-0.022715929377283523
4.025153978204389
-6.665285385680839
-0.28147734390360996
-2.9045729951470216
1.990286388513659
6.5956572594511105
-5.631034812974316
-3.6909888687877292
-4.826285388709588
0.5122300990657328
4.955350519528717
1.9398907023106142
3.7210546581380957
2.016093243427998
-3.099186270126713
3.9664482213516132
7.126224316344786
-1.8255865337695485
-0.3390773920257563
4.004932017255864
-2.890911933029319
5.447994825069172
-2.061097809963012
5.255810030439532
0.3133611431135189
-6.203321236480076
-4.387021640039666
-3.140526057673624
-7.280971379499216
4.911418562369003
-5.981777703379321
-6.494258040329119
4.85885002028109
-1.1907848673753914
-0.46035992457620123
-1.4753075708931964
-6.436020775622454
6.7212137006958015
5.405699379304285
4.604590642576677
-4.324501155630691
-1.7324098289701697
4.663417676810556
1.1558424943691092
5.195369205459293
2.7197093571295246
-2.6898314831039225
-1.7259914101424871
2.699880221233345
4.0235100376628825
3.372340351282015
3.5030817944777293
-2.7144442755346945
-0.7573351766166285
2.4261857118855836
-4.732163354645405
-0.5550466252239661
0.36186904621167726
-2.025319158420944
-3.371248913450675
2.0501138292241787
-3.082678911259776
6.972015657156725
-1.9261378621952
-6.617406647558642
5.5076274668402485
-2.9866056861523194
-4.858627477054752
-4.44984912603399
5.05411295930623
0.4600789391055882
-1.3226515406898152
-4.579015649493492
-3.2682019017733706
-2.6861097558734484
2.1894954059069014
-3.1627209673838856
4.131802386159837
2.9134874740654264
-2.8690139321735573
2.333876479827566
0.4629890888456169
-3.0497903871165857
0.01711431674608874
-4.057734768453876
-4.60218432197669
2.472499880341802
-3.1668003621856404
2.790172086835522
-1.2279453819638226
-6.936897951892396
0.829326301818662
-1.4382454239868177
7.229950060520035
1.4447049011253448
-6.33048018377063
-2.6057892632306836
-6.366970577522766
-4.458900754630476
1.614312919857223
3.3686257841127816
1.3676722569551023
-2.852809156436189
-4.358947970272718
-5.783883989674183
2.7277734126936934
-2.3651953467756863
0.8275896756659146
-5.55898985518366
0.8955628610185817
0.6128357053139953
0.5635116348312426
-4.490801200862702
-6.930104911366631
-1.1881255298212459
-6.518990539701789
6.251332789982098
-4.900890279509344
-2.1696263471206567
-2.470909126425173
-3.5108465534630198
5.522394919269474
-5.833194987993359
1.9036576471960405
2.8682581967749607
-0.1274171172329363
6.063036966435583
-6.994590476930871
0.6405856020232297
6.262858258812415
2.373279702190019
-4.500648378390323
3.455293995983842
-3.1100165687681702
2.935687240798326
2.790147854534345
6.804102688543976
-5.091435554911306
-4.753218335441915
6.613884697052387
-1.5562118321789848
0.4632284300705376
4.759842390118887
-2.16530057790419
-6.501560206858321
3.9073710634875307
2.9171964806669504
-2.4770292160458625
-5.079109974832548
7.103263261891597
-3.7844386006187194
0.9737275712889174
5.513645933840793
-4.701230378267316
-4.887407357649872
-4.550210768726983
-6.9455644820427604
-1.9101758474523514
1.981638348173442
2.81792026219625
-0.5020465287891862
-5.839187109015911
5.637010466788668
-1.4611872945957045
-3.6502533755572046
6.709288007076781
-0.3730630054861456
4.774584434655602
2.6863943775574195
2.769515132516664
4.943963979326508
-1.6062351158929389
3.6895129490873466
-1.6150898538709801
-3.2138669137779368
-1.966076472861275
-4.6339538288608715
3.7615824994868636
2.441606575797826
-0.5612342553247532
1.4977502606509248
4.676007176343193
-3.2066651125566956
-5.588593749149148
3.619369862864177
-0.6834441178845169
0.8551922719499867
-1.0379741517010423
1.4037137530805097
4.4293217308223065
-3.559176821176749
4.534340098208594
-0.6349344580575828
-5.030468322580604
-1.3593745910043618
6.841125494825552
5.439703118054447
-0.37383081816532326
-3.768796826940483
4.732405430195614
6.084610585989729
4.882849524700553
-5.4022852501994265
-1.9019036251871522
-5.12488448327756
3.621403399212543
6.8651434727535285
3.4583764369483516
2.5177144593957084
-3.7236057623286913
-6.492424936074264
-6.209684657534211
2.8581536683193662
1.8877552132546336
2.516581709626448
3.3343308198126542
-0.9340996338587387
0.7286717847913735
-2.1320445373051737
3.8800784684218153
-3.0680871177237212
3.3229564855557983
-3.0673075159908536
-5.064114241218974
-3.4967725677591868
0.2448332292027796
-3.95735584458989
-4.060302631382381
3.7676394511886526
7.044361205946302
2.758391250385231
-2.348391400104551
-0.34554383847855663
4.763514177136169
6.782155117307778
4.10673115874405
-4.538502035633804
4.159386124076082
1.6348746437759756
-4.303480977657892
-2.4519620323143183
-1.447762147992529
3.453531336679838
6.487421592931619
4.040569915390844
7.228381674868627
-7.207753392170798
2.5515316486418196
-1.4063140665400524
-2.3854390454149486
-3.159772022493304
0.6252689440977105
-1.7857115233626695
-2.9747345599875223
2.1241384498933544
5.676907693753753
-3.368115773308343
6.800931021910895
-6.751504946365175
0.783407046976547
1.2543741594014675
-5.962035159840272
-1.9041594527684453
4.991521596256347
4.032279608089631
-1.8120266011147987
0.669445817063828
-3.145570622445349
3.0804595126669403
-0.9881745204363328
2.698829778318902
-7.3950856273854955
-2.1349036028290747
3.984265746577344
1.243005885965419
-2.898718048916205
-2.9773245307472687
1.8831309776020302
-3.378730669906547
-4.626386679480612
3.9851894969916644
-2.561916481376333
-2.2000941011049195
-1.869092940157732
-4.89921244520668
1.3148109611557133
4.699189472969064
3.4281195839587157
-0.5417259989894663
6.54317572605614
2.205565034443449
4.048527267125189
6.694442742616363
-1.4835222051233272
-6.817032335038381
-4.8107001396103275
-5.133480758492386
-6.228344856219782
-4.338384287500649
4.72825433404384
0.5185370584625141
4.482665430641617
2.897053363272015
4.6426304960524245
-1.8250153446358985
6.632115018269517
-2.15304548187566
0.23453290498649398
-3.426332017663363
5.951594358490959
-1.8306326340079802
7.12720321499826
6.656296123619109
3.7392923753335543
4.384414850482828
-2.9496900591255737
-0.1881979711904408
2.554898607479178
3.9800182834004496
3.2387900891987704
-2.4007439398682173
-6.616958530129542
3.5762511446722045
-5.4092219768498415
3.649948290436899
-5.152102777105352
0.6886774651673784
4.363531872971082
-5.096463247304383
6.619290346095401
1.6092081094467126
6.6946842684111525
-4.239948080928935
3.562857271876921
-6.450419004632413
-0.7769627902253523
-7.2296716980027895
4.335609841995455
2.7316272680650124
6.741706936062861
5.140348549153138
-2.598610496258296
2.6511126254087016
-4.981758460927139
2.763346410399197
6.928362062662049
-3.143852193760299
2.0882881588364386
-0.44038544398377344
5.661397202249027
-0.4297494632352569
2.740542374286879
-5.099660130653794
-5.558590989430159
-4.105319494480958
0.5518762161770143
-1.0129288983504212
2.3785061414278483
2.3208519235026084
-3.0399556170870614
-1.3377025430777683
-6.5189065048983075
6.928255044090728
3.503704002933439
2.7796274355105735
1.5032339442821079
-2.5143841474271675
6.981727840110914
3.54732399530249
2.5911142159609972
4.835755909133934
-0.9644024190452555
1.5524445090509909
7.631387665109398
-3.259743047823468
-5.442261014776357
2.196270898029756
-2.244719421383094
3.6698133697645337
-4.557062135440986
1.7239897613016844
-4.9392541098382825
4.301191148507624
3.2339305259040496
-5.1604652981706085
-6.9217074307529725
6.385028622763939
-4.526772263618909
-1.9815540220674985
-5.912171252770796
-1.012586018398615
-4.664518399129763
-0.47531293962730586
-4.123739296079297
-0.48600770258956133
7.270713867950767
0.1403524166664931
-4.007474088606012
-0.5329333158599822
-3.9195082800794068
2.1516767804678953
-3.128194944912149
-0.9714567022740946
-0.0009816645569688059
-2.0438692336305277
4.5193517400485135
1.1125175650593662
-0.903954092562028
2.5820575009683027
-6.697327451642396
6.2014865683984715
-1.36565390973998
2.1885375779060987
2.1904292087369015
2.4197137663599504
-2.452907543782006
5.084332204545474
-5.7963209973316445
0.9892979882607147
-4.57988257954533
-4.265748598931466
3.555032502025267
5.590895575212954
-3.9432407374385186
3.947403292947378
0.501458002362909
-2.865753036014004
-2.4248419223141813
4.498785222436691
6.771473231087012
-2.7498875110480343
0.22392796913252477
-5.8748853192800965
1.5573582886250725
-5.968185941113531
-3.2156643655959685
-5.928193758351992
4.1990453554596545
3.6168428078085317
2.468952923242637
-4.017106479683271
-0.9863867904733233
-2.9135051138510377
0.735019872293515
-2.6314044736118865
-5.12510896285273
-1.615409960389644
-0.16256157581948835
-4.292499612328616
-7.30091853110219
-3.9862667563319483
-4.276406524449818
-2.9054456042816934
0.2187747855334276
6.1119114388731495
1.5294442627702172
1.8992826851505327
-6.671073268780695
-5.665710741501046
2.329644869444414
2.661891083129076
-3.7291117069594644
1.5201344258997687
-3.945951687283818
-1.0022803542666596
-4.03858983736741
-1.4881296714334356
2.4761367820890747
-0.5117924167622266
-3.450515411988812
4.352063262925493
-4.944195358174494
3.284281800935908
1.770541564132072
6.529062649060812
6.637191423805316
6.658104012979963
3.0060465718114995
3.7446183121531886
-6.55014125681847
-4.616019782701942
6.825594129331658
1.4833609262747967
0.2410671298478905
-3.575702876480725
2.3252292042724036
-3.061617431057768
2.762816310486515
-2.804693904824241
3.775148100375252
4.663135558693201
-3.545631881976494
-2.45224907014844
4.2147752533230864
-3.437406499206054
3.849774317834073
