#each monomer segments distance from centre of capsid(r/R)
-6.905882412409407
6.8966296222492405
6.712328466610388
6.0229815297873435
-6.830135779415338
-2.218995104901312
-4.819503340680078
-6.773220497544955
6.624905826615297
-3.635473404465187
-6.780222973312143
-6.701952397296464
-6.953586299733734
7.138150018344915
-5.483400733865268
7.271776100583325
-3.037630048660976
-6.806555659752767
-6.4737403404703135
-0.8383536987923847
5.994967988236625
-6.65621569078879
-6.775485864321256
4.388762927311914
-6.780312839314785
6.348777887136195
3.086092651936163
-6.561909932292661
-6.539462969148977
-6.600500547850614
-6.629196882061437
-7.251608570808108
-6.860334502323057
4.883987772098812
-6.625680239976964
-6.696462626468668
6.988923157229191
7.044300177062798
-6.718781195033521
-6.734285094256388
6.891551351276854
6.798731793455736
2.6593054473081223
5.864767743822297
-6.497470892865742
3.865727835597697
4.933050948926387
6.479578457596544
5.84758418617674
-6.896030540623137
-7.042870429436888
2.652497075929299
6.857446258836664
4.416694256183096
6.751908357289857
-7.030638863399941
6.805694663222168
-6.698831157006083
-6.106853456484674
-6.5407694544179265
6.58286637033034
-7.018827219107092
6.995498551616239
6.760546932552778
7.086963493596959
6.868520750204479
-7.024010767613608
6.952589096617427
6.39082180787676
-6.729007781436541
-7.07113928276078
4.642027652650583
5.576016984024331
6.504884216105467
-6.985007484293768
6.794551423204619
6.65552522172919
6.6046011616595095
6.638134736169696
6.829986691150447
-6.815779758700181
-5.613244479714772
6.550026452084352
-6.984090331936379
6.5395777467895915
-6.60464791325231
6.65444991004123
4.815651336625075
4.293567228869503
-6.370169843648543
6.822148370042273
2.978610364328122
6.583657201003593
-6.716373237957467
-6.913575310600228
7.110269662620632
5.219053635745047
5.755940159478103
-4.607524672397273
-6.467494632060983
-6.587603822249913
6.568428302334093
7.293795201077617
-3.3166881929692624
6.511665859515014
-7.153004441462905
6.5133891401051764
-6.778809609495488
-6.513346918086579
-6.388288490195979
-6.654160452621027
6.81911360175607
6.555231439336732
3.577670278812053
-6.668083278592251
6.660408760755926
6.5530143853022365
6.618947604087249
6.895359945346789
6.350881447730339
6.788145377673231
6.456610827462475
-4.576237677392404
-6.986180203469576
-6.739258151605248
-6.764047420564627
-6.401328537420609
-6.403528600980985
6.841635769352633
-6.5523154575674845
-6.800026226800477
6.488254622917893
-7.140379698408159
-6.744306095734777
6.700743895745949
6.6871927951667915
-6.940502579049553
-6.465680828494013
-6.468916419945791
-4.319865204742549
-6.817670907540191
3.937212747651567
-6.535650586925109
-7.000602326081618
-4.74835552350524
6.856567588006931
-6.655055667963722
6.617260167661583
-6.120282752050373
-7.171267369394764
-6.964309636180415
6.766190240676516
3.2492111016157295
6.885581762716854
-6.8647526976076305
-6.6065996427589555
3.821541368364465
6.563614049695057
-6.876542568041076
-5.41559886177315
6.457305734395493
6.629713093438084
7.00993479854873
-6.48415570988607
6.785905755449022
6.812614647060521
6.63515894787526
-1.382329739141914
6.353303831677494
-6.809921271376047
6.755469041260792
5.009672271553322
-6.816583519775193
-6.683495546257814
-2.575077276007869
6.43207205992507
6.818975415930009
7.266575563521433
-6.664244046281881
-6.838511961578458
-6.7245783126078145
-6.951785387531814
-6.614250884092329
-3.2691328493056866
-6.539340591625021
-7.09276142749366
6.845274930183744
6.9700511292301615
-6.569890102678891
-6.094977976606722
6.834889985987577
-6.963285618767086
6.641958255577894
6.577175117759927
-6.4719256829723335
6.654989697605253
-6.019949960223242
-6.923617378152651
6.638886470615294
-6.111616273017983
-6.8928695839708505
6.524501224456809
6.28108438950072
-6.827644902073297
-7.61279740584519
6.706794706290152
-6.604922885713088
-6.299097800475045
-5.600035987623006
-2.85266051181857
-6.768573152487498
-6.771122886768823
6.588063722447356
-4.987953755201715
-6.638622251827985
-6.242901333707822
-6.699680690049597
6.672094093501334
6.869065051399217
-6.437867588071876
-6.89193817594939
-7.5377821042723925
6.696625831834557
-7.157621932842797
-6.544846885307331
6.481361990770051
4.252933953515205
-6.962362301141317
6.609528413453217
-6.87450112321223
6.580579043285746
7.023836008864553
-6.516201226734986
6.8289340226723985
-5.393950550170108
6.576046374149224
-6.823044307285521
6.82498922433147
-6.847240298583314
6.623084477782369
6.817453783643607
6.780624986399266
-6.590196897411044
-4.663854253526133
-6.8307203752832315
-5.819504581230833
3.896454936107942
-6.071958478930569
-6.930854766908623
-6.692891784935271
-6.543528090842657
6.309670991386624
6.81818290578606
7.003184065982642
-6.80309651206241
5.111682909201355
7.0748575771642415
6.047290214805542
-6.603986947528198
-3.109894450877602
-4.985696944772938
-7.0332698017366635
0.6993452546606947
-5.5249149743158545
7.199219073178718
6.204289090417385
-7.002493635253702
5.274863704419642
6.349487085812574
-6.6817857880534826
-6.795715548588163
4.504089418827978
6.76938618663789
6.752149641738293
-6.743015250421186
6.661881754218491
-0.57818524153574
-6.755842810783038
6.873387076199106
-6.605245173192792
-6.618539097733158
6.694446924654606
-6.726175000475543
-6.695777262465092
7.090605712722233
7.1448182812268195
6.726874420011214
6.2568605256458865
-6.815361153957124
7.279284693045657
5.124753652000335
6.23680746303258
-6.833668055249083
3.801334791890143
-6.718191251732268
6.504665216359224
6.730439300556854
5.880112521540636
6.757749167569363
5.282318913508977
-6.8735963122307675
6.915306285317119
-6.755772379024301
6.5591673762646705
6.044303429333051
-6.891121014060844
6.671121793206713
5.41083763431183
6.85566709617752
-6.622758098211176
-6.6863448301709925
-6.775815810045531
6.741923811747892
6.762474851041283
6.596903414762591
-6.571303376023858
1.820761627897378
6.759410617164605
6.984645987861429
-6.565655961979371
-2.7250693584652432
-6.914766383650713
-6.4727140415243944
6.541125302555303
-6.617418856549615
-6.741365861575617
6.438111438269656
4.5845060314778365
-6.93178419629818
-5.243503126088379
-6.885201453087772
4.347304369904094
5.456722455523893
-3.2667647122636296
-6.9864340537548575
3.3869172965309198
7.015982620369421
6.544792951753344
7.007358723064838
-6.870392087096869
-6.595520472909601
-7.400008289785575
5.536432417287095
6.9294264824415475
6.710055463738037
-6.879193200009498
-6.950834145986318
-6.252756052391999
7.112608247312234
-6.729134549865706
6.520310877974612
2.9910227370352707
3.815035841482776
4.743667264909575
6.810458467508009
6.261948253459595
1.2066698010410648
6.577568431388807
6.317970855876046
-6.910252152728941
6.488598737638682
-6.5937589289702006
1.457226668490313
-6.252235785110596
6.748336168452607
-4.994229036519664
4.347914562042402
6.468378547183953
6.1754122893094525
6.132337978936827
-6.347577387809553
6.642143804739808
-6.8453860104484985
-6.949612600060306
3.4142905532157672
6.656324567019976
-7.149949707432214
6.715822691297129
-5.269464935540702
6.690545183002319
5.491875516989089
6.616275890644825
-6.851713191045715
-6.659039225358162
-6.465297899378337
6.658176333842117
-5.4336106100775305
-6.708464391057901
6.5827261555298975
-6.745026320323858
-6.598012027581899
-6.71566151798793
-6.817119798592377
4.240554803643844
6.76120605159572
-6.803107623457701
6.7239131412872615
6.604909847101617
-6.931934934957849
-7.320464815814019
6.721521093644502
6.623687793815949
-6.612827534489494
6.7701814562720095
7.0674487133862
6.527496098252025
6.641511308658701
6.753975812867259
6.34688816226352
6.916223512248594
-6.521556969205632
4.851773892341223
-4.456255739340705
3.5572683095710564
6.745741810160404
6.934277975824785
7.076598258568895
6.0621224200116
6.801946392000017
-4.197695761440987
6.699997793397646
-6.769222059776838
-4.98586289032024
6.665678543165739
-6.454283200620494
-6.932199453721258
-6.5318978465146875
6.58178848901173
2.87463889258186
-6.733628658168799
-6.919843215855483
6.76576900881375
-6.583446570960845
6.607095006942543
6.3490746940455995
-6.513571952449692
6.392461887098497
5.081643114427975
6.27366097049887
-6.684322930339715
-6.659557303113469
3.00183815997288
6.964526679169152
-6.449391981313028
7.0956223393831666
5.768845926199629
6.592398880798961
4.345885939683186
-6.746159424610451
6.3950597893468055
6.575058939010741
3.537421448521608
-5.907663432935422
6.567291287812569
6.882140077710346
6.496373440454991
6.824514533388278
-6.949197673641947
-6.118436436225296
6.776623452127831
-6.963109489742916
6.766854296893125
-7.277514382390964
6.6639901718906325
-4.432096080196232
-6.642157517376503
-6.894354789176873
3.435947806140804
7.203600562838974
-6.487887505218856
6.486285055817393
-6.895786347533603
-7.277185461131979
6.485325617296075
6.678051058401452
6.299681617592691
-6.489841813502755
6.211845873939345
-6.270107699083958
-6.623905646469454
-6.303110627100733
6.518756752676576
7.170879106933213
-7.200712993171957
-6.565097910687752
6.932716984532746
-4.363679191660146
-6.484054039974824
6.687249041562005
-5.654272076386091
7.139121112630465
6.710211488867491
-7.217610801701038
7.161319951609118
6.585211825439505
6.502865919803806
6.634999491894664
6.553987407680424
6.537704069699491
6.962305548791869
7.066846005705767
-6.82720339327161
-6.727809415141446
-6.6096663516131215
6.409621328462888
-6.836278562537098
6.891952669018153
-6.669024774679629
-6.367285283483439
5.27632355786072
-7.400033715398959
6.818666553220499
-6.704629178853923
7.078140454577115
-6.701745463247639
6.814659287013149
-7.034632057391671
6.678698816070619
6.813301522552874
6.141465900119087
-6.7947357718399
6.721938306393957
-6.931729737780314
-6.758411152415489
-3.788826329813416
-6.830299405673571
-6.917539206070411
-6.608146517603281
-5.5582417788420235
-6.613593746620092
-4.67474267456252
-5.347491567535354
6.687131546466753
3.830790647243095
-6.8335270115409585
-6.402103116428627
-5.719670451277036
6.837294320863343
7.0342237624863655
7.028091641094956
-6.451335890580679
6.471280827860346
-6.843474854801001
6.695318661487192
-7.056213577531552
-6.832783444419386
5.303409919128145
-6.621741598925056
-7.163820291172511
6.868942440051018
-4.423557135466118
6.813981736368482
-6.606315521806275
6.0554202800039665
-2.4301528764804887
-6.953086702320665
6.737545310054097
7.100252769666204
-6.7370209400877314
6.974835256056478
-1.1173513136612343
2.3800696823263032
6.101367316616695
-6.694192052590784
-6.920236338602051
6.405492221513274
-6.805703608836302
-6.798681177274669
6.740467606822293
-6.744956210743422
6.757592324177889
-7.074324674233625
-6.357796212714566
-5.327517156846372
4.066012535293219
6.5854185602140864
6.60057116942089
6.887130523202374
6.868419088405759
6.69485374252374
6.961105914311643
7.106224249237833
-6.685819261281291
-6.749395263224689
6.834532472962321
6.577848615863132
-7.08575353279056
-6.786871927857634
7.113156609111817
4.64257126147907
-6.269692462294123
6.009756402673372
6.698951743104671
-6.704863321633497
3.587071282516146
6.734509130520263
-7.070125590911825
-6.8794335317335324
-4.618281822254481
5.493443750569637
-6.509716456632328
-5.765772085960982
6.427875098698572
-6.871335037657988
6.8260536745366975
-6.547142298848092
6.707233765999268
6.252883629998302
5.576680061054494
3.4285108600720733
3.5041323970910345
-6.430876697717578
4.647013458131552
-7.1777982412720975
6.779253380776909
4.453629122895369
-6.4319388603388745
6.853412464736259
6.190532160277809
6.710320266351149
-6.572645204648904
6.0206715809237945
-6.403506239022904
5.744296132428655
-6.965529843657592
6.835665828101116
-6.055881824382593
6.654830611976759
7.060228490391116
-5.9758082229872445
6.869360618755295
6.464091118577381
-6.705170164021146
-6.960186591135074
7.234379228000328
-6.943011744492424
-5.420622955310639
5.135990144761845
6.919575138584792
6.7204981697945545
-6.9886954504280565
-6.139504849365643
-6.252565421147458
6.425522775988591
-6.860146385432944
6.673083930298535
6.238529858598657
6.64310821121238
6.552121287314546
6.563035201898875
6.322553265455015
-7.253251372169172
-6.905077647310482
-5.514334688669406
-6.7682997977588215
6.782314443913046
-6.061727170976988
-5.317635868123706
-6.244393340131386
6.3436082472343145
6.698075992235811
-6.344282644122839
-1.152917483263437
-6.8376820819874
-3.2584554904738274
-4.227635515069966
-6.194484532765421
-6.633875566118099
-7.190155825099618
-7.108956202433634
6.426109535846841
6.704492370938725
3.499894320617197
-6.686554751476514
6.642436976274728
-2.0309030305243425
6.638763490321469
-7.1862377655429
-6.913473077943896
6.708757112131591
6.463917687085514
6.717400464564566
-3.653194119838048
6.129109573574876
-6.565193492444755
-6.863779284380471
7.083132671918326
-5.07518650785493
6.567395930734442
5.17621153670495
2.6621817843582467
6.728206200482468
7.430822217187671
6.815401348735835
6.719788876885157
-3.3868889945741474
5.989232343518521
-6.7585232579893155
6.864152223014644
6.893455072359206
-6.953393337948275
7.02844124211109
-6.856743622755733
-6.576229661182182
6.856423417918386
5.806025641550259
6.963582600905356
-6.6733721768676375
6.579988599574491
-6.875696871133169
-6.503963425729725
-6.685811571971417
6.895239839270804
6.816193403476797
6.7889050613921595
4.462198971202713
-5.552753047099126
-7.035563640627439
-6.711031845395456
7.077459601426073
-7.320649210774516
6.351349358588865
-3.2004274901377983
-6.825098088180958
-6.476914138850257
-4.34831489697493
-6.388071075263082
6.937335035716569
-6.620654331713945
6.487399917437701
-7.084576251878948
3.4490860378240153
6.259241468626381
6.461201603135638
-6.857686328376498
-6.985673832723695
4.461534644904767
6.515141334106827
6.792543297589151
-4.85730450257762
7.004132287513281
-3.4439526103269724
6.699638301837612
6.590588892190965
-7.0600641402703195
7.119191574564543
2.6635863851484425
-6.9092243324394005
6.56060573930984
6.7716766676679665
6.944354120953019
-6.9849078434687675
6.488859094618824
-6.736640243187157
5.6535023041975485
7.069387307333661
-6.883102214786061
6.881383693030911
-6.520044486512295
7.2024814926537575
-3.7696571812033928
-6.958931797698775
-7.000688981964793
-6.997703674419106
6.355998460031988
6.2436263602775455
-7.02404257815307
-6.762213045072748
-2.8005518585413007
5.711433055334877
-5.642699422202284
6.901154172162976
-6.4698034087017415
-6.745059852697592
-6.44437638058052
-3.643734146301512
6.994928496256301
-6.630035451297234
6.423835520217495
6.693464257486754
-6.5469580108116725
3.3887052715468537
-6.5437922773441874
6.236627332412186
6.823798480143066
-6.738248978781525
6.9236592937393215
6.2306277414179405
-6.0755053125884295
-3.713192620483507
3.561903437561127
-6.5885697875288916
6.761868173389411
-6.501266848716821
4.053066048453315
7.114458097902312
6.922501719316247
-6.79005402012173
6.604731851450233
6.399782811100022
-6.836934297304374
6.777143099359319
-6.801744603552902
-7.015574325688038
1.316996253307313
-6.638871937356106
-0.4483292982683321
-6.130103411181891
7.065599991630947
-6.363578966079271
-6.769904917661953
-7.090324494667652
-6.532041889338405
7.198500504835998
6.7983191416256625
6.80849113266149
4.107702797572451
-6.235335993834292
-6.055196250438649
6.717732285642719
-6.52750967065204
-6.651489177573709
6.489006243519559
6.842280698899614
-4.355592492818442
-6.854400625718945
-7.672535092773447
-6.879754677443122
-6.50393340583515
6.8802437328410795
-7.0422697208843115
6.444220837712331
-6.196315343521961
-6.570753936454292
6.421368980578367
-5.920811547571792
-3.122333290345767
6.058578877236223
6.355857566654929
-6.382049899880851
6.5129966083607505
-6.596822695088406
6.739219451089509
-6.714813498988419
-7.029279808737456
6.765673793455029
-6.027264975740088
6.866968771425988
5.269279398327366
-3.127053387350869
6.562797148734735
-6.76078173383127
6.812685881560948
-6.2834918590363875
-6.787952838095314
-3.5183106652452127
-5.3031612219026165
-7.0257279707192914
6.453442063774563
6.980489427189225
-6.950945899157085
-6.89315513880483
-5.103722858343898
-6.399676309605328
-6.78693950160965
2.1113304633355683
6.678160037355492
6.897314829597594
6.532967400607938
-2.2744671406411903
-7.037024135485339
-6.92783479629232
6.425874311412676
-6.772771368773052
-6.593110706268488
6.679997738957719
-6.70314406602906
6.831985366419877
-6.8958536231458005
-2.7131131440006855
6.478325403612993
-6.721092825813724
0.3029828200607875
-6.883786474195229
-5.725067778297142
6.886211232559875
3.408940972933813
6.909779122870468
6.931186351282171
-7.161175405849994
-1.7793944580654089
6.819461463178857
-7.046637478202366
6.305203601858034
-6.792815239862647
6.837352691874224
-6.8161563631774165
6.72324027807192
6.03068683313396
-5.7459801740507634
-6.859462220621523
7.004602533706926
-6.817356764824337
6.657162213042413
-6.763336323022096
6.940520653379233
-6.703086139952912
-6.952933447972474
-1.5086109894495765
-4.504681956171662
-6.345537371366884
6.401458085539404
-6.96853650375041
6.625877984265972
6.899280674748948
-6.51923970014185
-6.662093985966318
6.898088283061917
3.8872531782363158
-7.17467864025209
6.788883915012974
6.186535139334877
-3.5412048436405263
-6.645109995899805
3.410913373272739
7.043311701116324
6.681647522388891
-1.0761568220150675
6.913912319449046
-3.602113566837375
-6.7306536403203445
7.1391235781055595
6.149400528571648
6.595246284485253
-2.066682099283811
-3.2900714282603922
-6.617971702429685
6.749933629578536
6.451090343293725
6.712817047784176
-6.755865135477331
-6.714908387959246
-3.2624780154805455
-6.951012140934834
-6.758780410186644
6.871148655340446
-6.62991585237834
-6.615109707106724
6.55523642952573
6.493778112659382
4.559920436800729
-6.473782612011329
6.901043667861711
-6.743986612282326
-6.473555199509126
6.813441864890321
-6.748448342648296
-6.712069981691534
3.8270115299512137
6.552143505650778
2.5778134762138234
6.714162150374619
-6.615285198140494
7.038627650040283
6.989710984485905
-5.863696592021164
-6.768071137851042
-6.801671266522601
-6.548341300366081
6.743209872950729
6.690363854608526
6.526424464131684
6.774356596749377
6.646604055027103
-6.929140524129821
-6.650381661977415
-6.3073674736134935
-6.70786616058906
6.74097630108841
5.0866869630305205
7.035449932020241
6.730532434370054
6.502481095269217
6.528538848383655
6.592256634807813
5.923316506195105
-6.7356673046688895
-6.310661972545176
6.562458765111746
6.71285915236772
6.759627509063182
-6.640454442981458
-6.124644437665713
-7.258940393161
6.690482198723124
6.560855787963174
6.0643988060800975
6.700935996044063
6.829698915507666
-6.338250995586635
6.492645993229017
6.947353406546874
6.746138943424955
-6.556095062544505
6.671314983012322
-6.576615413725587
-5.434775208875965
-7.326750664835623
-6.747055890507781
-6.69339034604015
6.668787162658318
5.096678928289621
-6.751747501139382
6.982069974761247
1.6058571293813866
-6.735880893348536
-6.501078589671912
6.710231909143714
4.318743322558389
-6.776966914126235
5.841019770491786
6.7420168245426675
-6.883117436382032
4.526836633555097
6.626784999523385
6.79350898904023
-7.957764585977616
-4.319648610513872
-6.616012371881626
-7.043097126892122
-6.4185237532877855
-6.96936517085803
-6.666650488944711
-6.647838052213187
-6.396220102909761
-7.082198929318515
-6.786090495146781
6.765820152778776
-6.628059883439158
4.476549086804975
6.646504688724578
6.778712865400731
6.568656640409934
6.725383431234918
6.5541669856974565
6.863417299834724
-6.589362967018346
-3.393593583786688
7.127464177886486
6.9073935145345535
6.804474752653564
-6.698206037346644
-6.815182346085264
-6.632642401946681
6.689523981911494
-6.637935734707461
6.68246701616952
-6.528550696360911
-7.142075644991143
6.8355337917691905
-7.058561409473417
6.779441343359382
-6.920671075235887
6.619543031963622
-4.7527009294567035
6.502432600361076
3.3221264657168903
-6.587576969985305
6.660323565807509
-6.8238858668006115
6.931864287737035
5.598255351663691
-6.328804214447732
6.9105216360162895
6.811042034156815
2.405621894961928
-6.828086782670573
-7.004103776518352
5.977521489360975
-4.164272655074399
6.719072633850259
6.968558461659566
-5.573686216962511
6.778176503510405
5.793809924884392
-6.574641477166798
6.478936489524547
6.631639469469444
-6.995561739592977
4.490043843319785
6.378049578730307
6.183262054330959
6.860043351627141
-6.711072139786455
6.8093658206739756
-6.734129601348421
3.338434815700303
-6.508169009695591
-6.730261527392859
6.754349357729945
6.855803871293363
6.755498909331144
-6.679176030749233
-6.751168487724071
6.746707128315427
-6.746970512436686
6.718806861163842
6.826713746028122
-6.717138662345921
6.797971573284885
-6.688368243559286
3.5619057182252725
-6.67119919584821
-4.178247591642321
-7.061269901644534
-6.592892817182606
4.343380266221715
6.714224468980008
-6.734732692670226
-6.986783886122245
-6.46754187321836
-6.764123680068414
6.796102364317313
-6.646748275806254
6.661386069740758
5.957673012382252
6.161151823183592
-7.0074141075332435
6.855992209871055
-6.6265535137985925
-6.651732703074555
6.932993152843539
-6.995282619559006
-6.660543153099298
-6.592809305942247
6.940775951410264
-6.355075851687149
-6.139111599419187
6.635253100069446
-4.314222542215126
-6.752646913846721
6.815701256488993
6.170110207514636
-7.270079904209461
-6.810158868942576
5.600093742413929
-1.4009828334198944
-6.7818839744369175
6.959295590313908
6.783258453791342
-7.110848127839323
6.994657044558303
-6.8853209429760325
-1.9691483612775271
-6.644670257025842
6.677769185654718
7.126596471471598
-6.5683376196234144
6.630608859377767
6.8504620630996325
6.908670196888164
6.826109136730844
6.757282485151925
3.288735851561001
-6.873457015364127
-6.805774689148167
6.887479713464574
6.691951055951975
4.18762084216259
-6.589627436510551
