#each monomer segments distance from centre of capsid(r/R)
-2.143849335626534
7.627907474411629
-7.554969242189281
-7.1841066491992445
7.8962973815259785
5.645899419632953
-5.6659440054497106
7.037643320058053
-7.1886106956997216
-6.954384840822958
-8.193052256131994
3.8529092924359656
6.935200685101648
-7.477211844248122
-4.239958851526587
-6.985646365594266
-6.908910910788656
7.204762325609278
-6.805870800895914
6.882010662459475
-7.02001168840851
7.240291098229023
-6.8281100051941115
7.225569068878364
7.255685582659855
-7.049865558224902
7.231981940865521
-7.778426204576061
8.154931174275447
-7.238844085533265
-8.253426513166623
-7.506570637253961
-7.300471973313487
-7.577858295961218
6.75705720549189
-7.219634382940927
7.662258400625477
-7.350277497562643
-7.736262050968433
-4.386152890928869
6.70094027328922
-6.93913588844574
-8.710047607750406
8.001665285941074
7.517478782464276
7.523219620269833
-7.892809986519984
7.3065878914391975
6.725046736489117
6.917069411518195
-6.422041191826222
-7.428554125905391
7.309592318166004
-6.85772588769846
8.21962648972289
-6.51802135586575
7.844682392410122
2.6284286647921085
7.82093109610687
-7.3128932334865056
-7.354891027085969
7.3539200882580635
-8.480069365815833
-6.9951700451141345
-7.9961479432270774
-6.485330118284247
-7.097768326605022
7.953080051135882
-6.950762391522065
6.294533803170971
7.502740547895223
7.8515757949617715
-7.312644021382943
7.315894660797973
7.666918577690204
-7.357010465073017
7.493998449102719
-7.691597164319
7.243042875470018
-7.78080072247653
-7.623809950467523
-6.126943642873601
-7.861739944115603
-7.097287710655804
8.860903743405123
-7.792638694483111
7.604000218911309
7.486344541297055
7.955326690991336
-6.96001251519772
3.8076239327437005
-6.627829746480937
7.13062533575241
-6.901181387968728
7.771817677177398
7.651318954266275
-5.905048324327297
-6.420093738929388
8.214736809427118
-7.7971023106710815
8.203813493155417
-6.874339122831452
7.540136315694989
7.179135926066138
-7.348964150581121
6.8580151629259385
-5.355019672759324
-8.657746831498141
5.740050788359353
7.761549068737678
-8.829040233293389
-0.688051241929042
-4.201649004604728
-6.9804313663191015
-7.0704540243225305
-7.3702238251431975
-7.545732564554213
-6.626787587760609
4.235150746796179
-7.751883608433159
7.173056555853257
-8.468623973521979
-7.506161277610077
-8.07403681493805
5.4768619551031135
7.383582825769734
-2.754768894759597
7.08761638801251
-7.512710959912297
-7.833883746989759
6.735016091664028
7.760628224365407
-7.179058354227301
-7.9628187627962514
8.137264848438159
8.209887229882115
-7.857850262655917
-6.7954446811505145
6.677308574765529
7.198766458742064
-4.475875910582625
7.064340282046823
7.464351104556104
7.688241448430761
7.185071441462288
7.05090922009034
7.622390633876364
7.159756909404642
7.256910334617242
7.365019221178677
6.593197658708685
-7.0637148449637905
-3.625742350976874
-7.070525309212166
-6.64508249954558
6.890679751590229
-6.8555063435383525
-7.5165633665021225
-5.680711585967329
-7.169498984438966
-6.95126797940259
-8.16390150555444
7.095513546263805
7.6122778719319255
-7.173449636133925
-6.681631248673788
-7.8630322732763975
-7.8163643157512155
-7.496154785428019
7.049567058568623
-7.2969127427590275
7.5900519523272685
-7.362512478096767
-6.9113974845767165
-7.940544979076257
7.183909441840087
7.215153815855874
7.764246516233901
6.713319142311786
8.123902734797179
-6.854495693604782
-6.912836174204159
-8.040865547868085
-6.850643264781528
6.884694942324992
-7.119309890376221
8.175387926779903
-7.919430628175363
7.655162664927975
-6.9991907734198175
7.000051363327536
8.11631896505557
7.351450524105788
7.4636367343627725
-7.101205086868544
7.310467136620942
-7.446306116591929
-6.96502944261031
-7.159892741498984
7.030449992600203
-6.972169525458122
7.418507207900723
5.702954160650609
-7.081131923068945
-1.6769275496304468
8.07877155898713
-6.965214212940961
6.9663816046567675
-7.455250478813845
-6.97967709622603
6.858349765411006
-7.052528638379366
-6.996954019568828
7.376624987449726
-8.153061421991708
-7.651328839686366
7.033231615798932
6.867271291140971
8.205872085904794
1.2503554854695471
-7.075444386501074
