#n_{pack}/N vs waiting time
0.01 2.8244294003868493
0.02 5.7540522243713745
0.03 7.460435203094766
0.04 8.987069632495158
0.05 10.816411992263054
0.06 13.434381044487422
0.07 17.214429400386848
0.08 18.751441005802704
0.09 18.854197292069635
0.1 15.3247001934236
0.11 14.251015473887811
0.12 12.702117988394576
0.13 12.390802707930382
0.14 11.591992263056085
0.15 11.797088974854928
0.16 11.813133462282389
0.17 11.87634429400387
0.18 12.617195357833662
0.19 13.210725338491294
0.2 15.226092843326896
0.21 17.06335589941973
0.22 16.841489361702106
0.23 17.15888781431337
0.24 18.239574468085102
0.25 18.144206963249513
0.26 18.22754352030949
0.27 18.13305609284336
0.28 16.761972920696326
0.29 16.74573500967118
0.3 16.348181818181835
0.31 16.615754352030965
0.32 16.723230174081266
0.33 16.947959381044495
0.34 18.49706963249518
0.35 18.990116054158605
0.36 20.54107350096712
0.37 21.606547388781454
0.38 22.238336557059956
0.39 22.871740812379105
0.4 22.482814313346225
0.41 23.056034816247607
0.42 23.210319148936193
0.43 22.23035783365569
0.44 21.698094777562844
0.45 20.795841392649866
0.46 21.628771760154727
0.47 20.423162475822036
0.48 21.734941972920705
0.49 23.562127659574443
0.5 25.079477756286252
0.51 24.37323984526113
0.52 24.31945841392646
0.53 26.99612185686652
0.54 27.74089941972921
0.55 27.946721470019348
0.56 26.237862669245633
0.57 27.950435203094706
0.58 27.9667891682785
0.59 26.25417794970987
0.6 26.64599613152801
0.61 26.979429400386834
0.62 26.550705996131526
0.63 26.26792069632496
0.64 26.71516441005803
0.65 26.46179883945845
0.66 28.194970986460348
0.67 28.253626692456486
0.68 28.133239845261144
0.69 28.45175048355901
0.7 28.875764023210827
0.71 29.397756286266933
0.72 28.97583172147
0.73 29.459245647969077
0.74 29.621615087040595
0.75 28.720493230174068
0.76 26.47428433268859
0.77 27.7067021276596
0.78 27.565686653771763
0.79 27.827669245648
0.8 28.1634816247582
0.81 29.730473887814348
0.82 29.565735009671123
0.83 31.115502901353928
0.84 29.713646034816264
0.85 31.2630174081238
0.86 31.362166344294028
0.87 29.924477756286315
0.88 29.637620889748554
0.89 28.3977272727273
0.9 29.336402321083185
0.91 30.270793036750472
0.92 32.07816247582207
0.93 35.124274661508736
0.94 33.7784235976789
0.95 35.67284332688593
0.96 33.19408123791104
0.97 29.908133462282386
0.98 28.2616344294004
0.99 22.594487427466138
1.0 5.011005802707922
