#n_{pack}/N vs waiting time
0.01 2.9134761120263555
0.02 4.687635914332779
0.03 5.969777594728171
0.04 6.93102141680395
0.05 9.073912685337731
0.06 11.295000000000009
0.07 15.264225700164777
0.08 19.36247116968695
0.09 20.39939044481058
0.1 17.710485996705124
0.11 16.084332784184493
0.12 16.972784184513987
0.13 18.027677100494227
0.14 17.682685337726497
0.15 17.77769357495882
0.16 17.616548599670484
0.17 17.755082372322917
0.18 16.256886326194397
0.19 16.535914332784206
0.2 15.872265238879745
0.21 15.434612850082383
0.22 15.66111202635914
0.23 15.504958813838586
0.24 16.72487644151565
0.25 17.002265238879744
0.26 18.01189456342669
0.27 19.08929983525535
0.28 19.956359143327834
0.29 22.999637561779238
0.3 23.437504118616094
0.31 24.313088962108697
0.32 25.5039950576606
0.33 24.68628500823723
0.34 26.781540362438214
0.35 28.464168039538716
0.36 28.11920922570019
0.37 28.27517298187813
0.38 28.84677924217467
0.39 31.267652388797327
0.4 31.457907742998373
0.41 29.838401976935774
0.42 34.45575782537064
0.43 33.20524711696867
0.44 36.746993410214095
0.45 36.42408566721583
0.46 37.57135090609555
0.47 40.04744645799007
0.48 41.52402800658983
0.49 40.19463756177921
0.5 41.153574958813806
0.51 42.25236408566714
0.52 44.77621911037886
0.53 45.38885502471165
0.54 44.05146622734765
0.55 47.27429983525537
0.56 48.75162273476108
0.57 49.37513179571667
0.58 51.14255354200988
0.59 50.87789126853368
0.6 52.887248764415126
0.61 53.346383855024705
0.62 55.35088138385501
0.63 55.93534596375613
0.64 55.47133443163097
0.65 55.8198929159802
0.66 61.57742998352556
0.67 58.402158154860004
0.68 60.63584019769361
0.69 62.42088962108734
0.7 63.80607084019773
0.71 61.76295716639203
0.72 69.19752883031305
0.73 67.60345963756183
0.74 65.67809719934104
0.75 63.58885502471169
0.76 66.76522240527183
0.77 66.39050247116965
0.78 71.96487644151563
0.79 68.66903624382215
0.8 73.32599670510706
0.81 73.29358319604599
0.82 76.65648270181224
0.83 71.52621087314662
0.84 75.03639209225706
0.85 72.53400329489284
0.86 73.07224052718287
0.87 71.62723228995047
0.88 68.65947281713342
0.89 72.28429983525537
0.9 73.8714168039538
0.91 76.41488467874792
0.92 78.09490939044485
0.93 80.17853377265244
0.94 82.80155683690282
0.95 84.90152388797372
0.96 83.696054365733
0.97 86.19557660626047
0.98 86.58341845140029
0.99 73.83940691927528
1.0 6.485568369027992
