#n_{pack}/N vs waiting time
0.01 2.9304141501294203
0.02 6.810681622088009
0.03 10.635263157894729
0.04 14.194426229508226
0.05 19.53911993097498
0.06 28.04628990509058
0.07 41.31941328731661
0.08 52.134331320103506
0.09 43.63190681622087
0.1 31.40002588438313
0.11 29.04641932700606
0.12 27.15603106125968
0.13 28.30353753235548
0.14 28.750345125107845
0.15 27.928127696289877
0.16 27.385806729939603
0.17 27.46009490940466
0.18 27.318602243313208
0.19 28.385099223468522
0.2 30.78845556514237
0.21 30.051518550474558
0.22 30.7381708369284
0.23 33.090931837791175
0.24 32.82859361518552
0.25 32.329723899913716
0.26 31.826471095772195
0.27 34.083364969801536
0.28 35.30604831751513
0.29 33.43882657463333
0.3 35.583666954270925
0.31 36.30941328731659
0.32 35.85628990509065
0.33 36.1459534081104
0.34 36.21699741156166
0.35 34.94795513373599
0.36 38.14774805867129
0.37 35.802752372735135
0.38 38.13226919758413
0.39 38.394391716997426
0.4 36.570931837791214
0.41 37.36641069887839
0.42 38.587489214840446
0.43 38.03683347713545
0.44 39.81957722174292
0.45 39.536255392579825
0.46 38.491578947368446
0.47 39.03129421915447
0.48 40.592018981880905
0.49 42.16468507333907
0.5 38.96034512510786
0.51 39.50327868852457
0.52 37.143295944779986
0.53 41.00447799827437
0.54 42.174719585849935
0.55 43.719698015530675
0.56 42.462208800690235
0.57 41.77948231233817
0.58 44.42440034512509
0.59 44.63161345987925
0.6 42.49854184641938
0.61 43.37416738567723
0.62 44.986971527178554
0.63 42.7185245901639
0.64 43.33794650560829
0.65 42.92603106125971
0.66 41.38143226919753
0.67 40.72577221742879
0.68 41.58757549611736
0.69 41.75545297670409
0.7 41.463442622950794
0.71 42.17861087144085
0.72 39.59254529767046
0.73 41.77135461604825
0.74 42.122295081967145
0.75 37.66773080241585
0.76 41.061268334771285
0.77 40.066453839516875
0.78 39.87813632441766
0.79 38.1187834339948
0.8 38.86898188093188
0.81 35.48358067299394
0.82 38.63283865401209
0.83 38.643727351164834
0.84 39.957187230371076
0.85 39.28284728213974
0.86 38.02430543572046
0.87 37.89706643658321
0.88 36.43418464193261
0.89 34.1492666091458
0.9 31.181035375323585
0.91 31.75589301121653
0.92 32.45754961173425
0.93 33.63720448662643
0.94 37.49370146678167
0.95 36.540163934426225
0.96 35.11313201035376
0.97 35.55402933563418
0.98 38.10890422778253
0.99 36.078464193270044
1.0 5.167610008628125
