#n_{pack}/N vs waiting time
0.01 3.2746739926739927
0.02 11.025926739926748
0.03 15.21624175824177
0.04 19.115230769230774
0.05 21.670600732600725
0.06 22.48879853479852
0.07 23.844168498168475
0.08 28.13087179487176
0.09 32.5033553113553
0.1 29.270695970695982
0.11 28.267186813186775
0.12 27.966842490842467
0.13 28.07764835164836
0.14 28.80278388278387
0.15 28.87558241758242
0.16 30.402373626373603
0.17 31.113655677655636
0.18 31.9664468864469
0.19 32.73890842490844
0.2 32.95381684981687
0.21 35.34995604395603
0.22 36.17969963369963
0.23 36.535340659340676
0.24 37.44803663003661
0.25 38.97452014652016
0.26 39.881216117216105
0.27 40.72158974358974
0.28 41.32052014652014
0.29 42.334241758241745
0.3 41.04908424908427
0.31 44.14763369963367
0.32 42.953523809523816
0.33 44.44065201465204
0.34 45.30326739926737
0.35 46.59611721611723
0.36 44.787560439560465
0.37 46.58007326007329
0.38 47.07046153846154
0.39 46.46911355311355
0.4 48.37036630036625
0.41 48.45736263736267
0.42 50.03493772893772
0.43 47.327604395604354
0.44 47.47742124542129
0.45 46.57527472527476
0.46 46.01754578754575
0.47 47.93602197802198
0.48 48.138967032967024
0.49 46.63654212454208
0.5 47.70013919413915
0.51 45.57909157509153
0.52 47.800161172161076
0.53 46.77386813186808
0.54 46.13317216117216
0.55 45.8559120879121
0.56 45.753721611721595
0.57 44.76986080586073
0.58 44.92628571428572
0.59 45.99450549450545
0.6 45.35108424908428
0.61 45.783245421245404
0.62 44.50368498168492
0.63 44.06321611721611
0.64 43.50630769230767
0.65 41.885106227106235
0.66 44.124652014652
0.67 41.317934065934054
0.68 43.04354578754582
0.69 42.191399267399255
0.7 40.47798534798533
0.71 41.54443956043952
0.72 40.628520146520145
0.73 39.08842490842492
0.74 39.19162637362641
0.75 38.75748717948713
0.76 39.42281318681314
0.77 38.94334065934069
0.78 38.464080586080605
0.79 38.17768498168496
0.8 35.64126007326001
0.81 36.481919413919485
0.82 36.109970695970674
0.83 36.344732600732634
0.84 34.6368791208791
0.85 35.21510622710623
0.86 33.75266666666669
0.87 33.48202197802198
0.88 34.65323076923082
0.89 32.32175091575088
0.9 32.15405860805863
0.91 32.68576556776553
0.92 31.391347985348
0.93 31.533069597069623
0.94 31.639553113553106
0.95 30.952029304029274
0.96 31.09967765567765
0.97 29.623326007325982
0.98 29.014512820512802
0.99 26.912864468864424
1.0 12.561611721611701
