\tau/\tau_{d} vs n_{unpack}/N
0.0 1.0
0.2 0.9979232505643342
0.4 0.9939202407825433
0.6 0.9911813393528969
0.8 0.9889014296463506
1.0 0.986583897667419
1.2 0.984176072234763
1.4 0.9821369450714823
1.6 0.9799774266365688
1.8 0.9781715575620766
2.0 0.9762528216704288
2.2 0.9742136945071482
2.4 0.9722422874341611
2.6 0.9704890895410082
2.8 0.9687584650112866
3.0 0.9671331828442438
3.2 0.9654853273137698
3.4 0.963589164785553
3.6 0.9618359668924004
3.8 0.9602182091798345
4.0 0.9586832204665161
4.2 0.957012791572611
4.4 0.9555003762227239
4.6 0.9537998495109105
4.8 0.9522723852520693
5.0 0.9507223476297969
5.2 0.9492550790067721
5.4 0.9477953348382242
5.6 0.9463431151241535
5.8 0.9447027840481564
6.0 0.9433258088788563
6.2 0.9417306245297216
6.4 0.9402332580887885
6.6 0.9388036117381491
6.8 0.9373212942061699
7.0 0.9358465011286681
7.2 0.9341685477802859
7.4 0.9328969149736644
7.6 0.9313544018058691
7.8 0.929849510910459
8.0 0.9284424379232505
8.2 0.9270428893905192
8.4 0.9257336343115123
8.6 0.9243491346877352
8.8 0.9230474040632055
9.0 0.9217080511662904
9.2 0.9203686982693755
9.4 0.9191497366440933
9.6 0.917607223476298
9.8 0.9161474793077502
10.0 0.9149435665914222
10.2 0.9136117381489842
10.4 0.9123024830699774
10.6 0.910895410082769
10.8 0.9096313017306246
11.0 0.9082317531978932
11.2 0.9069601203912717
11.4 0.9055680963130173
11.6 0.9042663656884876
11.8 0.9030699774266365
12.0 0.9016704288939051
12.2 0.9003461249059442
12.4 0.8990067720090293
12.6 0.8978329571106094
12.8 0.8965086531226486
13.0 0.8952370203160271
13.2 0.8939503386004515
13.4 0.8926335590669676
13.6 0.8913318284424379
13.8 0.8899322799097065
14.0 0.8886832204665162
14.2 0.8873890142964634
14.4 0.886260346124906
14.6 0.8850112866817156
14.8 0.8835590669676447
15.0 0.8823250564334085
15.2 0.881038374717833
15.4 0.8798269375470278
15.6 0.8783897667419112
15.8 0.877298720842739
16.0 0.8760722347629798
16.2 0.8748984198645599
16.4 0.8735139202407826
16.6 0.8723175319789316
16.8 0.8711286681715577
17.0 0.8699398043641835
17.2 0.8687509405568096
17.4 0.8675395033860045
17.6 0.8661775771256583
17.8 0.8648231753197894
18.0 0.8636493604213694
18.2 0.8626335590669676
18.4 0.8614973664409331
18.6 0.8601053423626788
18.8 0.8589465763732129
19.0 0.8578103837471783
19.2 0.8565989465763733
19.4 0.8554025583145222
19.6 0.854018058690745
19.8 0.8526335590669676
20.0 0.8513769751693002
20.2 0.8500752445447705
20.4 0.8490067720090293
20.6 0.8478103837471784
20.8 0.8466064710308503
21.0 0.8452671181339353
21.2 0.8439653875094055
21.4 0.842686230248307
21.6 0.8414973664409331
21.8 0.8404063205417607
22.0 0.8391196388261851
22.2 0.8377125658389767
22.4 0.8366892400300978
22.6 0.835522949586155
22.8 0.8342588412340105
23.0 0.8331828442437923
23.2 0.8318961625282166
23.4 0.8305793829947329
23.6 0.8293453724604966
23.8 0.8280887885628292
24.0 0.826854778028593
24.2 0.8256583897667419
24.4 0.8245071482317532
24.6 0.8233935289691497
24.8 0.8223325808878856
25.0 0.8210308502633559
25.2 0.819699021820918
25.4 0.8184725357411589
25.6 0.8173513920240782
25.8 0.8160948081264108
26.0 0.8148683220466516
26.2 0.813589164785553
26.4 0.8123024830699773
26.6 0.8110985703536494
26.8 0.8099097065462755
27.0 0.8086531226486079
27.2 0.8076147479307749
27.4 0.8063957863054928
27.6 0.8051918735891648
27.8 0.8039428141459745
28.0 0.80267870579383
28.2 0.8013920240782544
28.4 0.8002106847253575
28.6 0.7990218209179833
28.8 0.7978555304740407
29.0 0.7966290443942815
29.2 0.7954477050413845
29.4 0.7942738901429647
29.6 0.7930323551542513
29.8 0.7918209179834461
30.0 0.7906471030850264
30.2 0.7893829947328819
30.4 0.7880361173814898
30.6 0.786869826937547
30.8 0.7857261098570354
31.0 0.7844168547780286
31.2 0.7832279909706545
31.4 0.7820240782543266
31.6 0.7807900677200902
31.8 0.7793829947328819
32.0 0.7782919488337096
32.2 0.7771407072987209
32.4 0.7759292701279158
32.6 0.7746726862302483
32.8 0.773280662151994
33.0 0.7720993227990971
33.2 0.7708577878103837
33.4 0.7696914973664409
33.6 0.7683972911963883
33.8 0.7671181339352897
34.0 0.7660045146726863
34.2 0.7646576373212942
34.4 0.7633784800601957
34.6 0.7622347629796841
34.8 0.7610609480812641
35.0 0.759857035364936
35.2 0.7587283671933786
35.4 0.7575620767494357
35.6 0.7563280662151993
35.8 0.7550940556809631
36.0 0.7539127163280662
36.2 0.7526486079759218
36.4 0.7515048908954101
36.6 0.7504740406320543
36.8 0.749255079006772
37.0 0.7479834462001504
37.2 0.746726862302483
37.4 0.7455981941309255
37.6 0.7444243792325057
37.8 0.7432279909706545
38.0 0.7418660647103086
38.2 0.7406696764484575
38.4 0.7393604213694508
38.6 0.7383295711060949
38.8 0.7371256583897667
39.0 0.735831452219714
39.2 0.7345221971407073
39.4 0.7334085778781038
39.6 0.7322197140707298
39.8 0.7310759969902182
40.0 0.7299774266365688
40.2 0.7287208427389014
40.4 0.7274416854778029
40.6 0.7261775771256583
40.8 0.7249059443190369
41.0 0.7236493604213695
41.2 0.7225206922498119
41.4 0.7213092550790067
41.6 0.7200827689992475
41.8 0.7189240030097818
42.0 0.7175921745673439
42.2 0.7164334085778781
42.4 0.7152069224981189
42.6 0.7138976674191122
42.8 0.7126260346124905
43.0 0.7115500376222724
43.2 0.7101279157261098
43.4 0.7090142964635063
43.6 0.7076899924755454
43.8 0.706704288939052
44.0 0.7055003762227239
44.2 0.7043491346877352
44.4 0.7030850263355908
44.6 0.7017682468021068
44.8 0.7003987960872837
45.0 0.6992099322799098
45.2 0.6981264108352144
45.4 0.6969826937547028
45.6 0.6958540255831452
45.8 0.6946952595936794
46.0 0.6935063957863055
46.2 0.6924003009781791
46.4 0.6911963882618509
46.6 0.6899623777276147
46.8 0.6888863807373966
47.0 0.6876975169300227
47.2 0.686410835214447
47.4 0.6852219714070731
47.6 0.6840481565086531
47.8 0.6828668171557563
48.0 0.6815274642588411
48.2 0.6801203912716328
48.4 0.6789164785553048
48.6 0.6779232505643341
48.8 0.6766215199398044
49.0 0.675530474040632
49.2 0.6742964635063957
49.4 0.6731527464258841
49.6 0.6720541760722348
49.8 0.6706471030850264
50.0 0.6696237772761475
50.2 0.6684875846501128
50.4 0.6672610985703537
50.6 0.6659969902182092
50.8 0.6648006019563582
51.0 0.6635515425131677
51.2 0.6623250564334086
51.4 0.6611361926260346
51.6 0.6599774266365688
51.8 0.658803611738149
52.0 0.6576373212942062
52.2 0.6562452972159518
52.4 0.6550714823175319
52.6 0.6538299473288187
52.8 0.6526185101580135
53.0 0.6514747930775019
53.2 0.650300978179082
53.4 0.6491422121896163
53.6 0.6478555304740407
53.8 0.6466591422121896
54.0 0.6455756207674943
54.2 0.6444544770504139
54.4 0.6431828442437922
54.6 0.6418284424379234
54.8 0.6406772009029345
55.0 0.6394206170052672
55.2 0.6381489841986456
55.4 0.6368322046651618
55.6 0.6356132430398795
55.8 0.6343491346877351
56.0 0.6331075996990218
56.2 0.6317757712565839
56.4 0.6306922498118886
56.6 0.629255079006772
56.8 0.6281790820165538
57.0 0.6270654627539504
57.2 0.6260120391271633
57.4 0.6245146726862303
57.6 0.6232204665161776
57.8 0.6220993227990971
58.0 0.6208427389014297
58.2 0.6196839729119639
58.4 0.618510158013544
58.6 0.6172761474793077
58.8 0.6160270880361174
59.0 0.6147328818660648
59.2 0.6135063957863055
59.4 0.6123024830699775
59.6 0.6111662904439428
59.8 0.6098871331828443
60.0 0.6087208427389015
60.2 0.607464258841234
60.4 0.6063130173062453
60.6 0.6050263355906697
60.8 0.6038901429646351
61.0 0.602701279157261
61.2 0.6013769751693002
61.4 0.600150489089541
61.6 0.5989014296463506
61.8 0.5976975169300226
62.0 0.5964484574868323
62.2 0.595214446952596
62.4 0.5940556809631302
62.6 0.5929194883370955
62.8 0.5917757712565839
63.0 0.5905643340857788
63.2 0.5893604213694507
63.4 0.5881941309255079
63.6 0.5870729872084274
63.8 0.5859066967644846
64.0 0.5846425884123402
64.2 0.5835590669676448
64.4 0.5823325808878856
64.6 0.5811136192626034
64.8 0.5799774266365688
65.0 0.5788788562829195
65.2 0.5777200902934537
65.4 0.5765838976674191
65.6 0.5753273137697517
65.8 0.5741234010534236
66.0 0.5729571106094808
66.2 0.5717531978931527
66.4 0.5704589917231001
66.6 0.569112114371708
66.8 0.5679006772009029
67.0 0.5666440933032355
67.2 0.5654928517682468
67.4 0.5642588412340106
67.6 0.5631677953348383
67.8 0.5619789315274643
68.0 0.5607148231753198
68.2 0.5594507148231753
68.4 0.5582693754702784
68.6 0.5570278404815651
68.8 0.5556659142212189
69.0 0.5544018058690745
69.2 0.5530775018811136
69.4 0.551790820165538
69.6 0.5506019563581641
69.8 0.549398043641836
70.0 0.5481941309255078
70.2 0.5469224981188864
70.4 0.5457035364936043
70.6 0.544612490594432
70.8 0.5432957110609481
71.0 0.542076749435666
71.2 0.5408201655379985
71.4 0.5396839729119639
71.6 0.53836719337848
71.8 0.537163280662152
72.0 0.5358314522197141
72.2 0.5345748683220467
72.4 0.5333107599699022
72.6 0.5321595184349135
72.8 0.5308728367193378
73.0 0.5298043641835967
73.2 0.5286380737396539
73.4 0.5274266365688488
73.6 0.5261550037622272
73.8 0.5250112866817156
74.0 0.5239202407825432
74.2 0.522693754702784
74.4 0.5215876598946576
74.6 0.5202106847253574
74.8 0.5190368698269375
75.0 0.5178103837471784
75.2 0.5166892400300979
75.4 0.5155831452219715
75.6 0.514326561324304
75.8 0.5131602708803612
76.0 0.5118660647103085
76.2 0.5105643340857788
76.4 0.5094582392776524
76.6 0.5083220466516177
76.8 0.5070203160270881
77.0 0.5057110609480813
77.2 0.5044469525959367
77.4 0.5033333333333334
77.6 0.5021820917983446
77.8 0.5009706546275395
78.0 0.4997893152746426
78.2 0.4984499623777276
78.4 0.4971708051166291
78.6 0.4959593679458239
78.8 0.4949059443190369
79.0 0.4936869826937547
79.2 0.4925282167042889
79.4 0.49112866817155754
79.6 0.489992475545523
79.8 0.4888788562829195
80.0 0.4876448457486832
80.2 0.48632054176072237
80.4 0.48505643340857785
80.6 0.4838675696012039
80.8 0.48269375470278403
81.0 0.4814823175319789
81.2 0.4800902934537246
81.4 0.4789089541008277
81.6 0.4778028592927013
81.8 0.47651617757712567
82.0 0.4753574115876599
82.2 0.4740331075996991
82.4 0.4729270127915726
82.6 0.4717005267118134
82.8 0.4704589917231001
83.0 0.46935289691497367
83.2 0.46817155756207673
83.4 0.46716328066215196
83.6 0.4657411587659894
83.8 0.464477050413845
84.0 0.463431151241535
84.2 0.4624379232505643
84.4 0.46112866817155757
84.6 0.4597291196388262
84.8 0.4585854025583145
85.0 0.457306245297216
85.2 0.4560346124905944
85.4 0.4548683220466516
85.6 0.45369450714823173
85.8 0.45261098570353653
86.0 0.45130925507900677
86.2 0.4499548532731377
86.4 0.448803611738149
86.6 0.4474943566591422
86.8 0.4464936042136945
87.0 0.44528969149736647
87.2 0.4442136945071482
87.4 0.4429571106094808
87.6 0.4417381489841986
87.8 0.4405869074492099
88.0 0.43942061700526713
88.2 0.4382693754702784
88.4 0.4371933784800602
88.6 0.43598194130925505
88.8 0.43483069977426636
89.0 0.43349887133182846
89.2 0.4322498118886381
89.4 0.43106094808126416
89.6 0.4297667419112114
89.8 0.42841234010534235
90.0 0.42714070729872083
90.2 0.4258690744920993
90.4 0.42475545522949587
90.6 0.423581640331076
90.8 0.4224153498871332
91.0 0.4209104589917231
91.2 0.4196914973664409
91.4 0.4184424379232506
91.6 0.4172234762979684
91.8 0.41605718585402557
92.0 0.41480060195635815
92.2 0.4136869826937547
92.4 0.4123551542513168
92.6 0.41104589917231005
92.8 0.40972159518434914
93.0 0.40853273137697516
93.2 0.4072686230248307
93.4 0.40617005267118134
93.6 0.40501881113619265
93.8 0.4036568848758465
94.0 0.40236267870579384
94.2 0.4010910458991723
94.4 0.4
94.6 0.39869826937547026
94.8 0.3974868322046652
95.0 0.3964334085778781
95.2 0.3951617757712566
95.4 0.39386756960120395
95.6 0.3926787057938299
95.8 0.3914597441685478
96.0 0.3902407825432656
96.2 0.3888562829194883
96.4 0.38778028592927016
96.6 0.38650865312264865
96.8 0.38536493604213695
97.0 0.38410835214446953
97.2 0.3830474040632054
97.4 0.38176824680210686
97.6 0.3805191873589165
97.8 0.37922498118886383
98.0 0.37785553047404064
98.2 0.37673438675696014
98.4 0.3754552294958616
98.6 0.37427389014296464
98.8 0.3730474040632054
99.0 0.3717757712565839
99.2 0.37060948081264106
99.4 0.369255079006772
99.6 0.3678856282919488
99.8 0.36666666666666664
100.0 0.36544018058690747
100.2 0.3640632054176072
100.4 0.362987208427389
100.6 0.3616629044394281
100.8 0.3603912716328066
101.0 0.35909706546275394
101.2 0.3578179082016554
101.4 0.35657637321294205
101.6 0.35533483822422873
101.8 0.3540406320541761
102.0 0.35285929270127914
102.2 0.3515425131677954
102.4 0.3502708803611738
102.6 0.34903686982693755
102.8 0.3477125658389767
103.0 0.3464785553047404
103.2 0.3452520692249812
103.4 0.3440481565086531
103.6 0.34276899924755455
103.8 0.341346877351392
104.0 0.34010534236267875
104.2 0.33887885628291947
104.4 0.3376598946576373
104.6 0.3364108352144469
104.8 0.3352671181339353
105.0 0.3341309255079007
105.2 0.33300225733634314
105.4 0.331798344620015
105.6 0.33058690744920993
105.8 0.3293905191873589
106.0 0.32806621519939805
106.2 0.3267870579382995
106.4 0.32559066967644845
106.6 0.32419112114371706
106.8 0.3230398796087284
107.0 0.32188863807373963
107.2 0.32075244544770504
107.4 0.31941309255079003
107.6 0.31808126410835214
107.8 0.31686982693754706
108.0 0.3156282919488337
108.2 0.31435665914221217
108.4 0.3132279909706546
108.6 0.31200902934537245
108.8 0.31072234762979684
109.0 0.30936042136945074
109.2 0.308058690744921
109.4 0.3067419112114372
109.6 0.3055530474040632
109.8 0.3042362678705794
110.0 0.3030323551542513
110.2 0.3018585402558314
110.4 0.3005568096313017
110.6 0.29924755455229496
110.8 0.29810383747178326
111.0 0.2968322046651618
111.2 0.29563581640331077
111.4 0.29431151241534986
111.6 0.2930398796087284
111.8 0.2916629044394281
112.0 0.2903310759969902
112.2 0.2891346877351392
112.4 0.28762227238525206
112.6 0.2864409330323551
112.8 0.2851693002257336
113.0 0.2839127163280662
113.2 0.2826260346124906
113.4 0.2815425131677953
113.6 0.2801956358164033
113.8 0.27884123401053423
114.0 0.2776598946576373
114.2 0.2765237020316027
114.4 0.27525959367945824
114.6 0.2739729119638826
114.8 0.2726711813393529
115.0 0.27146726862302484
115.2 0.27011286681715574
115.4 0.2688337095560572
115.6 0.26754702784048157
115.8 0.26612490594431903
116.0 0.26496613995485324
116.2 0.26367945823927763
116.4 0.26248306997742665
116.6 0.2610910458991723
116.8 0.2596162528216704
117.0 0.2582543265613243
117.2 0.25708803611738146
117.4 0.2558465011286682
117.6 0.25445447705041385
117.8 0.2533258088788563
118.0 0.25196388261851016
118.2 0.2508502633559067
118.4 0.24946576373212942
118.6 0.24814145974416857
118.8 0.24680963130173061
119.0 0.245522949586155
119.2 0.24412340105342362
119.4 0.2427464258841234
119.6 0.24148984198645596
119.8 0.24027840481565085
120.0 0.23893905191873588
120.2 0.23757712565838976
120.4 0.23626034612490596
120.6 0.23503386004514673
120.8 0.23373212942061702
121.0 0.23256583897667418
121.2 0.23124905944319035
121.4 0.22984198645598194
121.6 0.2286230248306998
121.8 0.22720842738901428
122.0 0.2257486832204665
122.2 0.22455229495861548
122.4 0.22325808878856282
122.6 0.22202407825432655
122.8 0.22058690744920995
123.0 0.21931527464258843
123.2 0.2179984951091046
123.4 0.21672686230248306
123.6 0.21533483822422872
123.8 0.21390519187358914
124.0 0.2128066215199398
124.2 0.21140707298720846
124.4 0.2102708803611738
124.6 0.20892400300978178
124.8 0.20764484574868322
125.0 0.20621519939804364
125.2 0.2049059443190369
125.4 0.20367945823927766
125.6 0.20248306997742663
125.8 0.20118133935289692
126.0 0.1999247554552295
126.2 0.1985477802859293
126.4 0.1972385252069225
126.6 0.19601203912716328
126.8 0.19455229495861548
127.0 0.1933860045146727
127.2 0.1920617005267118
127.4 0.19078254326561325
127.6 0.18958615500376222
127.8 0.18832204665161775
128.0 0.18703536493604214
128.2 0.18580135440180587
128.4 0.184477050413845
128.6 0.18317531978931526
128.8 0.18197893152746428
129.0 0.18060948081264108
129.2 0.17942814145974417
129.4 0.17827689992475546
129.6 0.1770052671181339
129.8 0.17565086531226487
130.0 0.1744168547780286
130.2 0.17319036869826937
130.4 0.1719262603461249
130.6 0.17060948081264107
130.8 0.16931527464258841
131.0 0.16803611738148982
131.2 0.16685477802859291
131.4 0.16553799849510908
131.6 0.16427389014296462
131.8 0.16303987960872837
132.0 0.16163280662151994
132.2 0.16036869826937547
132.4 0.1590293453724605
132.6 0.15772009029345374
132.8 0.1563431151241535
133.0 0.15498871331828443
133.2 0.15378480060195637
133.4 0.15255831452219715
133.6 0.15133182844243792
133.8 0.1501203912716328
134.0 0.14878103837471784
134.2 0.1475244544770504
134.4 0.14635816403310759
134.6 0.14546275395033859
134.8 0.14431903686982694
135.0 0.1429270127915726
135.2 0.14173814898419865
135.4 0.1405492851768247
135.6 0.13941309255079007
135.8 0.138359668924003
136.0 0.1371933784800602
136.2 0.13615500376222722
136.4 0.13493604213694507
136.6 0.13372460496613994
136.8 0.132686230248307
137.0 0.13132430398796088
137.2 0.1302257336343115
137.4 0.1290443942814146
137.6 0.12786305492851768
137.8 0.12682468021068474
138.0 0.12577125658389765
138.2 0.1245221971407073
138.4 0.12328818660647103
138.6 0.12194883370955606
138.8 0.12072234762979685
139.0 0.11964635063957862
139.2 0.11857787810383748
139.4 0.11739653875094057
139.6 0.116267870579383
139.8 0.11520692249811888
140.0 0.11395033860045146
140.2 0.11285929270127916
140.4 0.11179834462001505
140.6 0.1106395786305493
140.8 0.10969149736644093
141.0 0.10863054928517682
141.2 0.10748683220466516
141.4 0.10659142212189616
141.6 0.10539503386004516
141.8 0.10440933032355154
142.0 0.10348382242287434
142.2 0.10237020316027089
142.4 0.10136192626034612
142.6 0.10033860045146727
142.8 0.09942814145974417
143.0 0.09838976674191122
143.2 0.09755455229495862
143.4 0.09652370203160271
143.6 0.0954627539503386
143.8 0.0945221971407073
144.0 0.09360421369450714
144.2 0.09261851015801355
144.4 0.09157261098570353
144.6 0.09068472535741158
144.8 0.08957110609480813
145.0 0.08863054928517683
145.2 0.08781038374717832
145.4 0.08679458239277653
145.6 0.08587659894657637
145.8 0.08501881113619263
146.0 0.08406320541760723
146.2 0.08316027088036117
146.4 0.08225733634311512
146.6 0.08130173062452972
146.8 0.08048156508653122
147.0 0.07963130173062453
147.2 0.07881866064710309
147.4 0.07781790820165538
147.6 0.07685477802859292
147.8 0.07597441685477803
148.0 0.07517682468021068
148.2 0.07436418359668924
148.4 0.07349887133182845
148.6 0.07269375470278405
148.8 0.07193378480060195
149.0 0.07118133935289692
149.2 0.07048156508653122
149.4 0.06957863054928518
149.6 0.06870579382994733
149.8 0.06785553047404064
150.0 0.0671933784800602
150.2 0.06633559066967645
150.4 0.06554552294958615
150.6 0.06479307750188111
150.8 0.06411587659894658
151.0 0.06328818660647104
151.2 0.06259593679458239
151.4 0.06188111361926261
151.6 0.06112866817155756
151.8 0.06027840481565087
152.0 0.05950338600451468
152.2 0.05896162528216704
152.4 0.05820165537998495
152.6 0.057524454477050416
152.8 0.05677953348382243
153.0 0.05601956358164033
153.2 0.05529721595184349
153.4 0.0545823927765237
153.6 0.053905191873589164
153.8 0.053212942061700526
154.0 0.052422874341610234
154.2 0.05173062452972159
154.4 0.051113619262603466
154.6 0.05052671181339353
154.8 0.05
155.0 0.049480812641083526
155.2 0.04878856282919489
155.4 0.048261851015801355
155.6 0.047667419112114376
155.8 0.04702031602708803
156.0 0.0463431151241535
156.2 0.045733634311512415
156.4 0.045094055680963134
156.6 0.04452972159518435
156.8 0.04404063205417607
157.0 0.043408577878103836
157.2 0.0428216704288939
157.4 0.04232505643340858
157.6 0.04176824680210685
157.8 0.041166290443942814
158.0 0.04054928517682468
158.2 0.039992475545522946
158.4 0.039525959367945826
158.6 0.039097065462753954
158.8 0.038638073739653875
159.0 0.03806621519939804
159.2 0.03754702784048156
159.4 0.03698269375470278
159.6 0.03643340857787811
159.8 0.03599699021820918
160.0 0.035522949586155005
160.2 0.03510158013544018
160.4 0.0345823927765237
160.6 0.03419864559819413
160.8 0.03380737396538751
161.0 0.033355906696764484
161.2 0.03295711060948081
161.4 0.032513167795334835
161.6 0.03188863807373966
161.8 0.03155756207674944
162.0 0.03109104589917231
162.2 0.03057938299473288
162.4 0.030240782543265614
162.6 0.02981188863807374
162.8 0.02940556809631302
163.0 0.02906696764484575
163.2 0.028592927012791574
163.4 0.028224228743416103
163.6 0.02780285929270128
163.8 0.02743416102332581
164.0 0.027005267118133936
164.2 0.02657637321294206
164.4 0.0263280662151994
164.6 0.02586155003762227
164.8 0.02542513167795335
165.0 0.02507900677200903
165.2 0.02474793077501881
165.4 0.024424379232505643
165.6 0.024055680963130172
165.8 0.023611738148984197
166.0 0.023303235515425135
166.2 0.02293453724604966
166.4 0.02255079006772009
166.6 0.022264860797592174
166.8 0.021911211437170803
167.0 0.02164033107599699
167.2 0.021249059443190367
167.4 0.02094808126410835
167.6 0.020617005267118134
167.8 0.02034612490594432
168.0 0.020112866817155756
168.2 0.01981188863807374
168.4 0.019548532731376977
168.6 0.01927012791572611
168.8 0.01895410082768999
169.0 0.018660647103085026
169.2 0.01840481565086531
169.4 0.018051166290443944
169.6 0.017780285929270126
169.8 0.017494356659142212
170.0 0.0172836719337848
170.2 0.017005267118133934
170.4 0.01673438675696012
170.6 0.016440933032355155
170.8 0.01617757712565839
171.0 0.015929270127915725
171.2 0.015726109857035365
171.4 0.015462753950338602
171.6 0.015214446952595937
171.8 0.014996237772761474
172.0 0.014755455229495862
172.2 0.014514672686230247
172.4 0.01434913468773514
172.6 0.014093303235515425
172.8 0.013920240782543265
173.0 0.013717080511662904
173.2 0.013521444695259595
173.4 0.013325808878856283
173.6 0.013130173062452972
173.8 0.012934537246049663
174.0 0.012761474793077503
174.2 0.01254326561324304
174.4 0.012287434161023325
174.6 0.012069224981188864
174.8 0.011926260346124906
175.0 0.011730624529721597
175.2 0.011550037622272384
175.4 0.011361926260346124
175.6 0.011234010534236267
175.8 0.011038374717832956
176.0 0.010895410082769
176.2 0.010699774266365689
176.4 0.010504138449962376
176.6 0.010368698269375469
176.8 0.010158013544018058
177.0 0.009977426636568849
177.2 0.00981188863807374
177.4 0.009683972911963884
177.6 0.009578630549285176
177.8 0.009428141459744167
178.0 0.00927765237020316
178.2 0.009104589917231001
178.4 0.008999247554552295
178.6 0.008818660647103085
178.8 0.008653122648607976
179.0 0.008495109104589917
179.2 0.008337095560571859
179.4 0.00817155756207675
179.6 0.008081264108352144
179.8 0.007960872836719339
180.0 0.0078028592927012795
180.2 0.007667419112114372
180.4 0.007509405568096313
180.6 0.007381489841986456
180.8 0.0072310007524454475
181.0 0.007057938299473289
181.2 0.0069300225733634315
181.4 0.006832204665161776
181.6 0.006681715575620768
181.8 0.006591422121896162
182.0 0.0064936042136945074
182.2 0.006388261851015802
182.4 0.006305492851768246
182.6 0.006200150489089541
182.8 0.0061098570353649365
183.0 0.006012039127163281
183.2 0.0058916478555304744
183.4 0.005771256583897667
183.6 0.005673438675696012
183.8 0.005583145221971408
184.0 0.0055079006772009035
184.2 0.005349887133182844
184.4 0.0052069224981188865
184.6 0.005131677953348382
184.8 0.0050413844996237776
185.0 0.004973664409330323
185.2 0.004860797592174567
185.4 0.004793077501881114
185.6 0.004657637321294207
185.8 0.00455981941309255
186.0 0.004477050413844996
186.2 0.004394281414597442
186.4 0.004303987960872837
186.6 0.004191121143717081
186.8 0.004108352144469526
187.0 0.004018058690744921
187.2 0.003972911963882619
187.4 0.0038901429646350637
187.6 0.0038073739653875093
187.8 0.0037246049661399548
188.0 0.0036418359668924007
188.2 0.0035741158765989467
188.4 0.0035214446952595933
188.6 0.0034687735139202406
188.8 0.003386004514672686
189.0 0.003295711060948081
189.2 0.003258088788562829
189.4 0.0032054176072234763
189.6 0.0031753197893152744
189.8 0.0031376975169300227
190.0 0.0030624529721595185
190.2 0.0030022573363431147
190.4 0.002942061700526712
190.6 0.0028818660647103086
190.8 0.0028442437923250565
191.0 0.002761474793077502
191.2 0.0027464258841234015
191.4 0.002663656884875846
191.6 0.0026034612490594433
191.8 0.0025357411587659893
192.0 0.0024454477050413845
192.2 0.0023777276147479306
192.4 0.0023551542513167794
192.6 0.002332580887885628
192.8 0.0022648607975921746
193.0 0.0022422874341610235
193.2 0.0021896162528216704
193.4 0.002136945071482318
193.6 0.002106847253574116
193.8 0.002076749435665914
194.0 0.002039127163280662
194.2 0.002024078254326561
194.4 0.001963882618510158
194.6 0.0019262603461249058
194.8 0.001888638073739654
195.0 0.0018434913468773515
195.2 0.0017983446200150487
195.4 0.0017456734386756961
195.6 0.0017231000752445447
195.8 0.0017005267118133935
196.0 0.0016854778028592926
196.2 0.0016553799849510912
196.4 0.0015951843491346879
196.6 0.0015726109857035365
196.8 0.0015500376222723853
197.0 0.0015199398043641834
197.2 0.0014973664409330322
197.4 0.001474793077501881
197.6 0.001437170805116629
197.8 0.0013844996237772761
198.0 0.0013694507148231752
198.2 0.0013393528969149737
198.4 0.0012942061700526712
198.6 0.001256583897667419
198.8 0.0012189616252821671
199.0 0.001181339352896915
199.2 0.0011587659894657636
199.4 0.001143717080511663
199.6 0.0011060948081264108
199.8 0.001068472535741159
200.0 0.0010609480812641084
200.2 0.001038374717832957
200.4 0.0010082768999247554
200.6 0.0009781790820165537
200.8 0.0009480812641083522
201.0 0.0009179834462001504
201.2 0.0008954100827689992
201.4 0.0008728367193378481
201.6 0.0008502633559066968
201.8 0.0008276899924755456
202.0 0.0008126410835214447
202.2 0.0007900677200902935
202.4 0.000782543265613243
202.6 0.0007750188111361926
202.8 0.000744920993227991
203.0 0.0007298720842738901
203.2 0.0007298720842738901
203.4 0.0006997742663656885
203.6 0.0006997742663656885
203.8 0.0006922498118886381
204.0 0.0006847253574115876
204.2 0.0006696764484574869
204.4 0.0006320541760722348
204.6 0.0006245297215951844
204.8 0.0006170052671181339
205.0 0.0006019563581640331
205.2 0.0005793829947328818
205.4 0.0005718585402558315
205.6 0.000564334085778781
205.8 0.0005492851768246803
206.0 0.000526711813393529
206.2 0.0005041384499623777
206.4 0.0005041384499623777
206.6 0.0005041384499623777
206.8 0.0004665161775771257
207.0 0.0004589917231000752
207.2 0.00043641835966892403
207.4 0.00042889390519187357
207.6 0.00042136945071482315
207.8 0.00040632054176072233
208.0 0.00039879608728367197
208.2 0.0003837471783295711
208.4 0.00036869826937547027
208.6 0.00036117381489841985
208.8 0.0003310759969902182
209.0 0.0003235515425131678
209.2 0.0003235515425131678
209.4 0.00030097817908201655
209.6 0.00029345372460496614
209.8 0.0002558314522197141
210.0 0.00024830699774266367
210.2 0.00024830699774266367
210.4 0.00021820917983446202
210.6 0.00020316027088036116
210.8 0.00019563581640331075
211.0 0.00019563581640331075
211.2 0.00019563581640331075
211.4 0.00017306245297215951
211.6 0.00017306245297215951
211.8 0.00017306245297215951
212.0 0.0001655379984951091
212.2 0.00015048908954100828
212.4 0.00014296463506395786
212.6 0.00014296463506395786
212.8 0.00013544018058690745
213.0 0.00013544018058690745
213.2 0.00012039127163280661
213.4 0.00011286681715575621
213.6 0.00011286681715575621
213.8 9.781790820165538e-05
214.0 9.781790820165538e-05
214.2 9.781790820165538e-05
214.4 9.781790820165538e-05
214.6 9.781790820165538e-05
214.8 8.276899924755455e-05
215.0 8.276899924755455e-05
215.2 8.276899924755455e-05
215.4 6.772009029345373e-05
215.6 6.019563581640331e-05
215.8 6.019563581640331e-05
216.0 6.019563581640331e-05
216.2 6.019563581640331e-05
216.4 5.2671181339352894e-05
216.6 4.514672686230248e-05
216.8 4.514672686230248e-05
217.0 3.762227238525207e-05
217.2 3.762227238525207e-05
217.4 3.762227238525207e-05
217.6 3.0097817908201653e-05
217.8 2.257336343115124e-05
218.0 2.257336343115124e-05
218.2 1.5048908954100827e-05
218.4 1.5048908954100827e-05
218.6 1.5048908954100827e-05
218.8 1.5048908954100827e-05
219.0 1.5048908954100827e-05
219.2 1.5048908954100827e-05
219.4 1.5048908954100827e-05
219.6 1.5048908954100827e-05
219.8 1.5048908954100827e-05
220.0 1.5048908954100827e-05
220.2 1.5048908954100827e-05
220.4 1.5048908954100827e-05
220.6 7.524454477050413e-06
220.8 0.0
