\tau/\tau_{d} vs n_{unpack}/N
0.0 1.0
0.2 0.9992098962490025
0.4 0.9960335195530726
0.6 0.9937988826815642
0.8 0.991364724660814
1.0 0.9890502793296089
1.2 0.9868794892258579
1.4 0.9845969672785315
1.6 0.9826656025538708
1.8 0.980830007980846
2.0 0.9788747007182761
2.2 0.9768395849960096
2.4 0.9750438946528333
2.6 0.9732242617717478
2.8 0.9715323224261772
3.0 0.9698723064644852
3.2 0.9680207501995212
3.4 0.9663128491620111
3.6 0.9646209098164406
3.8 0.963000798084597
4.0 0.9612051077414207
4.2 0.9596009577015164
4.4 0.9578691141260974
4.6 0.9562809257781325
4.8 0.9547166799680766
5.0 0.9532721468475658
5.2 0.9518595371109337
5.4 0.9502713487629688
5.6 0.9486671987230646
5.8 0.9471827613727055
6.0 0.9458419792498005
6.2 0.944365522745411
6.4 0.9427374301675978
6.6 0.9412370311252992
6.8 0.9398962490023942
7.0 0.9383320031923383
7.2 0.9367996807661612
7.4 0.9352992817238628
7.6 0.9337669592976856
7.8 0.9323782920989625
8.0 0.9309976057462092
8.2 0.9295131683958499
8.4 0.9280047885075818
8.6 0.9266799680766161
8.8 0.9251556264964086
9.0 0.9238068635275338
9.2 0.9223623304070232
9.4 0.9209736632083001
9.6 0.9196887470071827
9.8 0.918244213886672
10.0 0.9169433359936153
10.2 0.915562649640862
10.4 0.9143016759776537
10.6 0.9128332003192338
10.8 0.9112609736632084
11.0 0.9099122106943337
11.2 0.9084357541899442
11.4 0.9070391061452514
11.6 0.9055945730247406
11.8 0.9042777334397446
12.0 0.9028172386272945
12.2 0.9015802075019953
12.4 0.9002154828411811
12.6 0.8989305666400638
12.8 0.8976296887470072
13.0 0.8960654429369513
13.2 0.8948443735035915
13.4 0.8935594573024741
13.6 0.8923463687150839
13.8 0.8908778930566641
14.0 0.8894732641660016
14.2 0.8882202713487629
14.4 0.8868715083798883
14.6 0.8856424581005586
14.8 0.8842617717478052
15.0 0.8827214684756584
15.2 0.8814764565043894
15.4 0.8801675977653631
15.6 0.8788507581803671
15.8 0.8775897845171587
16.0 0.8763048683160415
16.2 0.8749082202713488
16.4 0.8735674381484437
16.6 0.872170790103751
16.8 0.8708619313647246
17.0 0.8693056664006384
17.2 0.8680606544293695
17.4 0.8668156424581005
17.6 0.8654349561053472
17.8 0.86390263367917
18.0 0.8625219473264165
18.2 0.8610774142059059
18.4 0.8597446129289704
18.6 0.8582841181165203
18.8 0.8570391061452515
19.0 0.855706304868316
19.2 0.8542777334397447
19.4 0.8529130087789305
19.6 0.8515802075019953
19.8 0.8501276935355148
20.0 0.8486831604150039
20.2 0.8473982442138867
20.4 0.8459936153232244
20.6 0.8447725458898643
20.8 0.8434956105347168
21.0 0.8420111731843575
21.2 0.8406624102154828
21.4 0.839584996009577
21.6 0.8381803671189146
21.8 0.8369433359936153
22.0 0.8354269752593776
22.2 0.8340143655227454
22.4 0.8326017557861134
22.6 0.831197126895451
22.8 0.829976057462091
23.0 0.8286193136472465
23.2 0.8272466081404629
23.4 0.8260335195530726
23.6 0.8245570630486831
23.8 0.8231843575418994
24.0 0.8218994413407822
24.2 0.8205426975259377
24.4 0.8192338387869114
24.6 0.8178930566640064
24.8 0.816488427773344
25.0 0.8151157222665603
25.2 0.8136632083000798
25.4 0.8122745411013567
25.6 0.8108379888268157
25.8 0.8094413407821228
26.0 0.8079249800478852
26.2 0.8067278531524341
26.4 0.8052114924181963
26.6 0.8040223463687152
26.8 0.8027454110135674
27.0 0.8014924181963288
27.2 0.7999920191540304
27.4 0.7986113328012769
27.6 0.7972146847565843
27.8 0.7958260175578612
28.0 0.7946129289704709
28.2 0.7932482043096569
28.4 0.7917637669592977
28.6 0.7903830806065443
28.8 0.7890901835594574
29.0 0.7877254588986433
29.2 0.7864086193136473
29.4 0.7849880287310456
29.6 0.7836312849162012
29.8 0.7823862729449321
30.0 0.7809816440542697
30.2 0.7794732641660016
30.4 0.7781324820430966
30.6 0.7767517956903431
30.8 0.7753232242617717
31.0 0.7740462889066241
31.2 0.7725937749401436
31.4 0.7711252992817239
31.6 0.7695690343176377
31.8 0.7683240223463688
32.0 0.7670630486831604
32.2 0.7656264964086194
32.4 0.7641021548284118
32.6 0.7626496408619313
32.8 0.7612450119712689
33.0 0.7598164405426975
33.2 0.7584357541899442
33.4 0.7570790103750997
33.6 0.7556584197924979
33.8 0.754365522745411
34.0 0.7529848363926577
34.2 0.751660015961692
34.4 0.7502314445331205
34.6 0.7488188347964885
34.8 0.7474940143655228
35.0 0.7461532322426178
35.2 0.7447885075818037
35.4 0.7432881085395051
35.6 0.7420590582601756
35.8 0.7406384676775738
36.0 0.7393774940143655
36.2 0.7379968076616121
36.4 0.7363926576217079
36.6 0.7350598563447726
36.8 0.7335674381484438
37.0 0.7322984836392658
37.2 0.7309497206703911
37.4 0.7295291300877893
37.6 0.7282043096568236
37.8 0.7267996807661612
38.0 0.7254269752593775
38.2 0.7240143655227455
38.4 0.7226895450917797
38.6 0.721316839584996
38.8 0.7198563447725459
39.0 0.7183878691141261
39.2 0.7169752593774941
39.4 0.7156025538707103
39.6 0.7141420590582602
39.8 0.7127693535514764
40.0 0.7115482841181165
40.2 0.7101915403032721
40.4 0.7087071029529131
40.6 0.7074461292897047
40.8 0.706001596169194
41.0 0.7046687948922586
41.2 0.7033120510774142
41.4 0.702027134876297
41.6 0.7006304868316042
41.8 0.6992817238627295
42.0 0.6979808459696728
42.2 0.6964964086193136
42.4 0.6950359138068636
42.6 0.6934716679968076
42.8 0.6920191540303271
43.0 0.6907262569832402
43.2 0.6892178770949721
43.4 0.6876217079010375
43.6 0.6863288108539506
43.8 0.6849561053471668
44.0 0.6836312849162012
44.2 0.6822346368715084
44.4 0.680806065442937
44.6 0.6795450917797287
44.8 0.6782043096568237
45.0 0.6767039106145252
45.2 0.6753232242617717
45.4 0.673830806065443
45.6 0.6726017557861134
45.8 0.671197126895451
46.0 0.669976057462091
46.2 0.6685794094173982
46.4 0.6671109337589785
46.6 0.6657462090981645
46.8 0.6644852354349561
47.0 0.6631364724660814
47.2 0.6619712689545092
47.4 0.6605905826017557
47.6 0.6591859537110933
47.8 0.6580047885075818
48.0 0.6567438148443735
48.2 0.6552513966480447
48.4 0.6537988826815642
48.6 0.6522825219473265
48.8 0.650925778132482
49.0 0.6495690343176377
49.2 0.6483958499600958
49.4 0.6470630486831603
49.6 0.6458579409417398
49.8 0.6443495610534717
50.0 0.6431045490822026
50.2 0.6417158818834797
50.4 0.6402952913008779
50.6 0.6391380686352753
50.8 0.637757382282522
51.0 0.6364405426975259
51.2 0.6350598563447726
51.4 0.6335195530726258
51.6 0.6320111731843575
51.8 0.6307501995211492
52.0 0.6294413407821229
52.2 0.6280686352753392
52.4 0.6266560255387071
52.6 0.6253152434158021
52.8 0.6239345570630487
53.0 0.622633679169992
53.2 0.6212290502793296
53.4 0.6198324022346369
53.6 0.6185075818036712
53.8 0.6171987230646448
54.0 0.615977653631285
54.2 0.6147486033519552
54.4 0.6133519553072626
54.6 0.6119952114924182
54.8 0.6106863527533918
55.0 0.6094173982442139
55.2 0.6081803671189145
55.4 0.6069592976855547
55.6 0.6054349561053471
55.8 0.6041420590582601
56.0 0.6027134876296888
56.2 0.6014445331205107
56.4 0.6001835594573025
56.6 0.5988747007182762
56.8 0.5976057462090981
57.0 0.5963367916999203
57.2 0.5950438946528331
57.4 0.5937190742218675
57.6 0.5924181963288109
57.8 0.5910774142059059
58.0 0.5898643256185155
58.2 0.5887230646448524
58.4 0.5875658419792498
58.6 0.5861133280127694
58.8 0.584828411811652
59.0 0.5836392657621708
59.2 0.5822027134876298
59.4 0.5808459696727852
59.6 0.5797047086991222
59.8 0.5783798882681563
60.0 0.5771827613727055
60.2 0.5759297685554668
60.4 0.5746608140462889
60.6 0.5734477254588987
60.8 0.572218675179569
61.0 0.5709577015163607
61.2 0.5695929768555467
61.4 0.5682761372705507
61.6 0.5670630486831604
61.8 0.565538707102953
62.0 0.564437350359138
62.2 0.5632801276935355
62.4 0.5618435754189944
62.6 0.5607661612130886
62.8 0.5595770151636074
63.0 0.5582601755786114
63.2 0.556975259377494
63.4 0.5557541899441341
63.6 0.554437350359138
63.8 0.5532561851556266
64.0 0.5520271348762968
64.2 0.5506703910614525
64.4 0.5494014365522745
64.6 0.5483080606544294
64.8 0.546951316839585
65.0 0.5456743814844374
65.2 0.5443974461292896
65.4 0.543072625698324
65.6 0.5418834796488428
65.8 0.5406065442936951
66.0 0.5392817238627294
66.2 0.5380446927374302
66.4 0.5367757382282522
66.6 0.5354110135674381
66.8 0.5343735035913807
67.0 0.5332003192338388
67.2 0.5317717478052674
67.4 0.5304469273743017
67.6 0.5292178770949721
67.8 0.527853152434158
68.0 0.5265921787709498
68.2 0.5256264964086194
68.4 0.5243335993615323
68.6 0.523120510774142
68.8 0.5219553072625698
69.0 0.5206065442936951
69.2 0.5194333599361532
69.4 0.5181165203511572
69.6 0.5170311252992817
69.8 0.5158579409417399
70.0 0.5147406225059856
70.2 0.5135115722266561
70.4 0.5123064644852354
70.6 0.5111652035115722
70.8 0.5100159616919393
71.0 0.5086911412609737
71.2 0.5074940143655228
71.4 0.5063128491620111
71.6 0.5050917797286513
71.8 0.503950518754988
72.0 0.5024740622505985
72.2 0.5011811652035116
72.4 0.4999042298483639
72.6 0.49875498802873103
72.8 0.4974541101356744
73.0 0.4962809257781325
73.2 0.4950039904229848
73.4 0.4937669592976856
73.6 0.4926177174780527
73.8 0.49138866719872304
74.0 0.4901276935355148
74.2 0.48892258579409414
74.4 0.4876137270550679
74.6 0.4864485235434956
74.8 0.48531524341580207
75.0 0.4842857142857143
75.2 0.4830965682362331
75.4 0.4818675179569034
75.6 0.48057462090981645
75.8 0.4794333599361532
76.0 0.478268156424581
76.2 0.4771827613727055
76.4 0.4760335195530726
76.6 0.4748603351955307
76.8 0.4736392657621708
77.0 0.47256185155626496
77.2 0.4715003990422985
77.4 0.47028731045490824
77.6 0.469098164405427
77.8 0.467829209896249
78.0 0.46680766161213083
78.2 0.46557861133280126
78.4 0.4645011971268954
78.6 0.46355945730247405
78.8 0.46227454110135674
79.0 0.46102952913008777
79.2 0.45977653631284915
79.4 0.4586193136472466
79.6 0.45759776536312846
79.8 0.456536312849162
80.0 0.45529130087789305
80.2 0.4542537909018356
80.4 0.453072625698324
80.6 0.45192338387869113
80.8 0.45080606544293694
81.0 0.44956105347166797
81.2 0.44840383080606544
81.4 0.44722266560255386
81.6 0.4460415003990423
81.8 0.4449162011173184
82.0 0.4436472466081405
82.2 0.4425458898643256
82.4 0.4414684756584198
82.6 0.44029529130087786
82.8 0.4391380686352753
83.0 0.43794094173982445
83.2 0.4369832402234637
83.4 0.4358339984038308
83.6 0.43449321628092574
83.8 0.43350359138068634
84.0 0.43245810055865924
84.2 0.43137270550678375
84.4 0.43000798084596964
84.6 0.4288826815642458
84.8 0.4278371907422187
85.0 0.4266320830007981
85.2 0.4255147645650439
85.4 0.4243495610534717
85.6 0.42324022346368717
85.8 0.4221308858739026
86.0 0.4209497206703911
86.2 0.4198324022346369
86.4 0.4187390263367917
86.6 0.41758978451715884
86.8 0.4163367916999202
87.0 0.4152833200319234
87.2 0.41415802075019953
87.4 0.4131284916201118
87.6 0.4121229050279329
87.8 0.4108858739026337
88.0 0.40977653631284916
88.2 0.40885873902633674
88.4 0.4077733439744613
88.6 0.4065442936951317
88.8 0.40541101356743814
89.0 0.4041420590582602
89.2 0.4029688747007183
89.4 0.401803671189146
89.6 0.40060654429369513
89.8 0.399561053471668
90.0 0.39852354349561053
90.2 0.3974301675977654
90.4 0.3964804469273743
90.6 0.3953152434158021
90.8 0.3942298483639266
91.0 0.3931364724660814
91.2 0.39207501995211497
91.4 0.3907980845969673
91.6 0.38972865123703115
91.8 0.3886991221069433
92.0 0.38750997605746207
92.2 0.3864405426975259
92.4 0.38537110933758983
92.6 0.384317637669593
92.8 0.3833280127693536
93.0 0.3822106943335994
93.2 0.3811173184357542
93.4 0.38008778930566645
93.6 0.37898643256185155
93.8 0.37786113328012766
94.0 0.3766320830007981
94.2 0.37564245810055863
94.4 0.3746528332003192
94.6 0.3735275339185954
94.8 0.37245810055865924
95.0 0.37129289704708696
95.2 0.37034317637669595
95.4 0.3691859537110934
95.6 0.3679169992019154
95.8 0.36696727853152433
96.0 0.3659616919393456
96.2 0.36479648842777335
96.4 0.3637031125299282
96.6 0.3624660814046289
96.8 0.36143655227454113
97.0 0.3604469273743017
97.2 0.3593934557063049
97.4 0.3584357541899441
97.6 0.35739824421388666
97.8 0.35613727055067834
98.0 0.355147645650439
98.2 0.3542378292098962
98.4 0.3531923383878691
98.6 0.3521149241819633
98.8 0.35090981644054264
99.0 0.3498164405426975
99.2 0.34874700718276136
99.4 0.3477174780526736
99.6 0.3467837190742219
99.8 0.3458180367118915
100.0 0.3446927374301676
100.2 0.34374301675977653
100.4 0.34262569832402234
100.6 0.34147645650438946
100.8 0.34035913806863527
101.0 0.3391141260973663
101.2 0.3379090183559457
101.4 0.3367677573822825
101.6 0.33592976855546686
101.8 0.3349880287310455
102.0 0.33375897845171587
102.2 0.33265762170790103
102.4 0.3316121308858739
102.6 0.3306703910614525
102.8 0.3295291300877893
103.0 0.3285075818036712
103.2 0.3273343974461293
103.4 0.3261851556264964
103.6 0.32507581803671187
103.8 0.32386272944932165
104.0 0.32295291300877893
104.2 0.321755786113328
104.4 0.32072625698324025
104.6 0.3197366320830008
104.8 0.31875498802873103
105.0 0.3177494014365523
105.2 0.3166560255387071
105.4 0.31564245810055863
105.6 0.3145490822027135
105.8 0.31344772545889865
106.0 0.3123623304070231
106.2 0.31134078212290506
106.4 0.31027134876296886
106.6 0.3089784517158819
106.8 0.30802075019952113
107.0 0.30694333599361534
107.2 0.30592178770949724
107.4 0.3048922585794094
107.6 0.303854748603352
107.8 0.30277733439744614
108.0 0.3015083798882682
108.2 0.3004229848363926
108.4 0.2992737430167598
108.6 0.29825219473264164
108.8 0.29727055067837194
109.0 0.29616919393455704
109.2 0.2951077414205906
109.4 0.2940782122905028
109.6 0.293024740622506
109.8 0.2918435754189944
110.0 0.29083000798084596
110.2 0.2898244213886672
110.4 0.28858739026336794
110.6 0.28737430167597766
110.8 0.28650438946528334
111.0 0.28541101356743814
111.2 0.2844293695131684
111.4 0.283511572226656
111.6 0.28229848363926574
111.8 0.281292897047087
112.0 0.28031125299281723
112.2 0.27922585794094174
112.4 0.2780845969672785
112.6 0.276951316839585
112.8 0.2759537110933759
113.0 0.27487629688747006
113.2 0.27385474860335196
113.4 0.2727773343974461
113.6 0.27177174780526736
113.8 0.2709417398244214
114.0 0.2696967278531524
114.2 0.2685873902633679
114.4 0.2675977653631285
114.6 0.26660814046288905
114.8 0.26558659217877095
115.0 0.26455706304868315
115.2 0.26349561053471665
115.4 0.26241021548284116
115.6 0.2614924181963288
115.8 0.26046288906624104
116.0 0.25948922585794093
116.2 0.2583639265762171
116.4 0.25735035913806864
116.6 0.25616919393455706
116.8 0.25517158818834795
117.0 0.2541979249800479
117.2 0.25312051077414205
117.4 0.2520111731843575
117.6 0.2508379888268156
117.8 0.24966480446927375
118.0 0.24865921787709497
118.2 0.24766959297685556
118.4 0.24652833200319232
118.6 0.24550678371907422
118.8 0.24442138866719873
119.0 0.2434317637669593
119.2 0.2422825219473264
119.4 0.24104549082202711
119.6 0.24011971268954507
119.8 0.23896249002394254
120.0 0.23790901835594574
120.2 0.2369114126097366
120.4 0.23581803671189147
120.6 0.23476456504389465
120.8 0.23394253790901837
121.0 0.23280127693535516
121.2 0.23171588188347964
121.4 0.23059856344772545
121.6 0.22948124501197129
121.8 0.22845171588188345
122.0 0.22739824421388669
122.2 0.22643256185155625
122.4 0.22544293695131684
122.6 0.22444533120510773
122.8 0.22351157222665602
123.0 0.22239425379090183
123.2 0.22124501197126897
123.4 0.22022346368715084
123.6 0.21924980047885076
123.8 0.21816440542697524
124.0 0.21707901037509977
124.2 0.21605746209098164
124.4 0.2151316839584996
124.6 0.21411013567438147
124.8 0.21312051077414207
125.0 0.21217877094972068
125.2 0.21123703112529926
125.4 0.21034317637669592
125.6 0.2094732641660016
125.8 0.20853950518754988
126.0 0.2075658419792498
126.2 0.20669592976855547
126.4 0.20576217079010375
126.6 0.20463687150837986
126.8 0.2037270550678372
127.0 0.20274541101356744
127.2 0.20171588188347964
127.4 0.20083798882681564
127.6 0.19995211492418197
127.8 0.1989704708699122
128.0 0.19795690343176378
128.2 0.1970071827613727
128.4 0.19605746209098165
128.6 0.19501995211492418
128.8 0.19414205905826015
129.0 0.19324022346368713
129.2 0.1923224261771748
129.4 0.19135674381484438
129.6 0.19050279329608938
129.8 0.18956105347166802
130.0 0.1886193136472466
130.2 0.1876855546687949
130.4 0.18671987230646447
130.6 0.1858419792498005
130.8 0.18499600957701517
131.0 0.18403830806065444
131.2 0.18314445331205106
131.4 0.18227454110135674
131.6 0.1815003990422985
131.8 0.18046288906624103
132.0 0.1795291300877893
132.2 0.1786432561851556
132.4 0.17782122905027933
132.6 0.17687948922585794
132.8 0.1759537110933759
133.0 0.17509177972865125
133.2 0.174341580207502
133.4 0.1734317637669593
133.6 0.17258579409417396
133.8 0.1717398244213887
134.0 0.17086991221069434
134.2 0.17012769353551477
134.4 0.16932960893854748
134.6 0.1685075818036712
134.8 0.16773343974461294
135.0 0.1667996807661612
135.2 0.16588188347964883
135.4 0.16514764565043893
135.6 0.16432561851556265
135.8 0.16359138068635276
136.0 0.16292098962490023
136.2 0.16216280925778132
136.4 0.16133280127693536
136.6 0.16053471667996808
136.8 0.1597047086991221
137.0 0.1590023942537909
137.2 0.15826017557861133
137.4 0.1574780526735834
137.6 0.15664804469273744
137.8 0.1559457302474062
138.0 0.15512370311252993
138.2 0.15436552274541102
138.4 0.1535754189944134
138.6 0.15288906624102155
138.8 0.1519952114924182
139.0 0.15127693535514763
139.2 0.1506464485235435
139.4 0.14990422984836393
139.6 0.1492019154030327
139.8 0.1483878691141261
140.0 0.1475977653631285
140.2 0.14699122106943338
140.4 0.14625698324022346
140.6 0.1455387071029529
140.8 0.1447246608140463
141.0 0.14399840383080606
141.2 0.14341580207501994
141.4 0.14280925778132483
141.6 0.14204309656823624
141.8 0.14135674381484437
142.0 0.14066241021548284
142.2 0.13993615323224262
142.4 0.13928172386272944
142.6 0.13853152434158023
142.8 0.13794892258579408
143.0 0.13719074221867517
143.2 0.13655227454110136
143.4 0.13599361532322427
143.6 0.1352992817238627
143.8 0.13468475658419793
144.0 0.1341340782122905
144.2 0.13350359138068635
144.4 0.13280925778132482
144.6 0.13216280925778132
144.8 0.1316759776536313
145.0 0.13106145251396648
145.2 0.13047885075818036
145.4 0.1297924980047885
145.6 0.1291141260973663
145.8 0.12849960095770152
146.0 0.12780526735833997
146.2 0.12729449321628092
146.4 0.12673583399840382
146.6 0.12613727055067836
146.8 0.1255945730247406
147.0 0.12503591380686352
147.2 0.12440542697525939
147.4 0.1238148443735036
147.6 0.12322426177174779
147.8 0.12263367916999203
148.0 0.12213088587390264
148.2 0.12155626496408618
148.4 0.1209098164405427
148.6 0.12029529130087789
148.8 0.11978451715881883
149.0 0.11929768555466878
149.2 0.11881085395051877
149.4 0.11828411811652036
149.6 0.11770949720670391
149.8 0.11713487629688746
150.0 0.11674381484437352
150.2 0.11614525139664805
150.4 0.11561851556264964
150.6 0.11516360734237828
150.8 0.11465283320031924
151.0 0.1141660015961692
151.2 0.11355945730247406
151.4 0.11303272146847565
151.6 0.11250598563447727
151.8 0.11205905826017558
152.0 0.11150039904229848
152.2 0.11101356743814844
152.4 0.11044692737430167
152.6 0.10997605746209098
152.8 0.10948124501197126
153.0 0.10908220271348762
153.2 0.10857940941739824
153.4 0.1081245011971269
153.6 0.10772545889864325
153.8 0.10722266560255386
154.0 0.10678371907422188
154.2 0.10638467677573823
154.4 0.1059537110933759
154.6 0.10549082202713488
154.8 0.10506783719074221
155.0 0.10454110135674383
155.2 0.10408619313647247
155.4 0.10355945730247405
155.6 0.10312051077414205
155.8 0.10260175578611333
156.0 0.10220271348762969
156.2 0.1016999201915403
156.4 0.10130885873902633
156.6 0.1007661612130886
156.8 0.1003511572226656
157.0 0.09992817238627294
157.2 0.09950518754988029
157.4 0.0991141260973663
157.6 0.09866719872306465
157.8 0.09824421388667198
158.0 0.09770151636073424
158.2 0.09731045490822027
158.4 0.09686352753391861
158.6 0.0964804469273743
158.8 0.09609736632083
159.0 0.09571428571428571
159.2 0.09531524341580207
159.4 0.09493216280925779
159.6 0.09450119712689546
159.8 0.09417398244213887
160.0 0.09379090183559458
160.2 0.09335993615323224
160.4 0.09296887470071828
160.6 0.09252992817238628
160.8 0.09217877094972067
161.0 0.09176376695929768
161.2 0.0914365522745411
161.4 0.09096568236233042
161.6 0.09059856344772546
161.8 0.09025538707102954
162.0 0.08992019154030327
162.2 0.08957701516360733
162.4 0.08917797286512369
162.6 0.08885075818036713
162.8 0.08848363926576218
163.0 0.08815642458100559
163.2 0.08769353551476457
163.4 0.087390263367917
163.6 0.08715881883479648
163.8 0.0867198723064645
164.0 0.0863926576217079
164.2 0.08597765363128491
164.4 0.08557861133280127
164.6 0.08521149241819632
164.8 0.08485235434956107
165.0 0.08450119712689545
165.2 0.08412609736632083
165.4 0.08388667198723064
165.6 0.08359138068635275
165.8 0.08320031923383878
166.0 0.08278531524341581
166.2 0.08241819632881085
166.4 0.08215482841181165
166.6 0.0817877094972067
166.8 0.08142857142857142
167.0 0.0811093375897845
167.2 0.08076616121308859
167.4 0.08041500399042299
167.6 0.08007182761372705
167.8 0.07975259377494014
168.0 0.07954509177972864
168.2 0.07917797286512371
168.4 0.07888268156424581
168.6 0.07855546687948922
168.8 0.07824421388667199
169.0 0.0779169992019154
169.2 0.07764565043894653
169.4 0.07741420590582603
169.6 0.07715881883479649
169.8 0.07681564245810056
170.0 0.07644852354349561
170.2 0.07613727055067837
170.4 0.0758339984038308
170.6 0.07563447725458898
170.8 0.07533120510774143
171.0 0.07496408619313648
171.2 0.07466081404628891
171.4 0.07426177174780527
171.6 0.07393455706304869
171.8 0.0736073423782921
172.0 0.0733439744612929
172.2 0.07303272146847566
172.4 0.07272944932162809
172.6 0.07233040702314446
172.8 0.07208300079808459
173.0 0.07182761372705507
173.2 0.07150039904229848
173.4 0.07118116520351157
173.6 0.07083798882681563
173.8 0.07060654429369513
174.0 0.07031125299281724
174.2 0.06996807661612131
174.4 0.06972865123703112
174.6 0.06950518754988028
174.8 0.06916201117318437
175.0 0.06893056664006385
175.2 0.06859537110933758
175.4 0.0683559457302474
175.6 0.06802075019952115
175.8 0.06770949720670391
176.0 0.06747007182761373
176.2 0.06719872306464486
176.4 0.06691141260973663
176.6 0.0667118914604948
176.8 0.06635275339185955
177.0 0.06608938547486033
177.2 0.06584996009577015
177.4 0.06556264964086193
177.6 0.06529928172386273
177.8 0.06498802873104549
178.0 0.06470869912210694
178.2 0.06444533120510774
178.4 0.06415802075019952
178.6 0.06391859537110933
178.8 0.06363128491620111
179.0 0.06338387869114126
179.2 0.06314445331205108
179.4 0.06282521947326417
179.6 0.06259377494014365
179.8 0.062346368715083804
180.0 0.062130885873902635
180.2 0.061859537110933754
180.4 0.061628092577813244
180.6 0.06128491620111732
180.8 0.06094972067039106
181.0 0.06066241021548284
181.2 0.06039904229848364
181.4 0.06016759776536313
181.6 0.05988826815642458
181.8 0.05968874700718276
182.0 0.059305666400638474
182.2 0.05899441340782123
182.4 0.058754988028731046
182.6 0.05856344772545889
182.8 0.0583000798084597
183.0 0.058076616121308856
183.2 0.05779728651237031
183.4 0.05751795690343176
183.6 0.05728651237031126
183.8 0.05704708699122107
184.0 0.056775738228252194
184.2 0.05664006384676776
184.4 0.05634477254588987
184.6 0.05608140462889066
184.8 0.05584996009577015
185.0 0.05566640063846767
185.2 0.055395051875498806
185.4 0.05507581803671189
185.6 0.054892258579409416
185.8 0.054604948124501194
186.0 0.05446129289704709
186.2 0.054221867517956907
186.4 0.053934557063048685
186.6 0.05368715083798883
186.8 0.0534317637669593
187.0 0.05320830007980846
187.2 0.05298483639265762
187.4 0.05268954509177973
187.6 0.05242617717478053
187.8 0.05225059856344773
188.0 0.05197924980047885
188.2 0.051827613727055064
188.4 0.05160415003990423
188.6 0.05133280127693536
188.8 0.05110933758978452
189.0 0.05089385474860335
189.2 0.050710295291300875
189.4 0.05044692737430168
189.6 0.0502952913008779
189.8 0.05004788507581804
190.0 0.04978451715881883
190.2 0.04964086193136472
190.4 0.04940941739824422
190.6 0.04913806863527534
190.8 0.048970470869912214
191.0 0.04877893056664006
191.2 0.04854748603351955
191.4 0.04839584996009577
191.6 0.048188347964884276
191.8 0.04794892258579409
192.0 0.047813248204309655
192.2 0.047613727055067834
192.4 0.047446129289704715
192.6 0.047230646448523546
192.8 0.04696727853152434
193.0 0.046783719074221866
193.2 0.04656025538707102
193.4 0.04635275339185954
193.6 0.0461292897047087
193.8 0.045969672785315246
194.0 0.04575418994413408
194.2 0.04546687948922586
194.4 0.045275339185953715
194.6 0.04509976057462091
194.8 0.04490023942537909
195.0 0.04462090981644054
195.2 0.04438946528332004
195.4 0.04426177174780527
195.6 0.044006384676775735
195.8 0.04381484437350359
196.0 0.04367118914604948
196.2 0.043495610534716685
196.4 0.0432561851556265
196.6 0.04302474062250598
196.8 0.0427853152434158
197.0 0.042609736632083
197.2 0.04241819632881086
197.4 0.04229848363926576
197.6 0.04216280925778133
197.8 0.04201117318435754
198.0 0.04179569034317637
198.2 0.04158020750199521
198.4 0.041412609736632085
198.6 0.041252992817238626
198.8 0.04107741420590583
199.0 0.04090183559457303
199.2 0.04074221867517957
199.4 0.04054269752593775
199.6 0.04035913806863528
199.8 0.04019154030327215
200.0 0.04003192338387869
200.2 0.03989624900239425
200.4 0.03972865123703113
200.6 0.03956903431763767
200.8 0.03936951316839585
201.0 0.039185953711093374
201.2 0.03902633679169992
201.4 0.03884277733439744
201.6 0.0386512370311253
201.8 0.03848363926576217
202.0 0.03830806065442937
202.2 0.038196328810853955
202.4 0.03802075019952115
202.6 0.03784517158818835
202.8 0.037733439744612934
203.0 0.0375658419792498
203.2 0.03738228252194733
203.4 0.03715083798882682
203.6 0.03702314445331205
203.8 0.03682362330407023
204.0 0.0366001596169194
204.2 0.0364804469273743
204.4 0.03632881085395052
204.6 0.03616121308858739
204.8 0.03592178770949721
205.0 0.03573024740622506
205.2 0.03553072625698324
205.4 0.03541101356743815
205.6 0.03522745411013568
205.8 0.035083798882681566
206.0 0.03493216280925778
206.2 0.03476456504389465
206.4 0.034596967278531524
206.6 0.0343974461292897
206.8 0.034213886671987236
207.0 0.034030327214684755
207.2 0.03386272944932163
207.4 0.03375099760574621
207.6 0.03367118914604948
207.8 0.03349561053471668
208.0 0.03332801276935355
208.2 0.033160415003990425
208.4 0.0329608938547486
208.6 0.03280925778132482
208.8 0.03264166001596169
209.0 0.03254588986432562
209.2 0.03237829209896249
209.4 0.032170790103751
209.6 0.03205905826017558
209.8 0.031915403032721466
210.0 0.03179569034317638
210.2 0.03164405426975259
210.4 0.03151636073423783
210.6 0.031340782122905024
210.8 0.031165203511572228
211.0 0.031021548284118117
211.2 0.030957701516360733
211.4 0.030830007980845966
211.6 0.030694333599361533
211.8 0.030558659217877097
212.0 0.0303511572226656
212.2 0.03019952114924182
212.4 0.030039904229848365
212.6 0.029936153232242618
212.8 0.029760574620909815
213.0 0.029640861931364726
213.2 0.02951316839584996
213.4 0.029321628092577812
213.6 0.029146049481245013
213.8 0.028986432561851558
214.0 0.02885873902633679
214.2 0.028747007182761374
214.4 0.02862729449321628
214.6 0.028523543495610534
214.8 0.028435754189944134
215.0 0.028300079808459694
215.2 0.028212290502793298
215.4 0.028052673583399843
215.6 0.027916999201915402
215.8 0.027813248204309655
216.0 0.027661612130885874
216.2 0.0274780526735834
216.4 0.02736632083000798
216.6 0.02722266560255387
216.8 0.027063048683160416
217.0 0.026919393455706306
217.2 0.02682362330407023
217.4 0.02669592976855547
217.6 0.026584197924980048
217.8 0.02645650438946528
218.0 0.026344772545889864
218.2 0.026185155626496412
218.4 0.026025538707102953
218.6 0.025881883479648843
218.8 0.025746209098164406
219.0 0.025634477254588988
219.2 0.025514764565043896
219.4 0.025418994413407822
219.6 0.0253072625698324
219.8 0.025187549880287312
220.0 0.025051875498802875
220.2 0.02490822027134876
220.4 0.02478850758180367
220.6 0.024700718276137273
220.8 0.02450119712689545
221.0 0.024373503591380685
221.2 0.024253790901835593
221.4 0.024158020750199523
221.6 0.02406225059856345
221.8 0.02392657621707901
222.0 0.023774940143655224
222.2 0.023687150837988828
222.4 0.023559457302474062
222.6 0.023431763766959296
222.8 0.023320031923383878
223.0 0.023240223463687152
223.2 0.023112529928172386
223.4 0.022968874700718275
223.6 0.0228731045490822
223.8 0.022785315243415802
224.0 0.022617717478052676
224.2 0.022529928172386273
224.4 0.0224341580207502
224.6 0.02235434956105347
224.8 0.02223463687150838
225.0 0.022106943335993615
225.2 0.02201117318435754
225.4 0.021931364724660812
225.6 0.021787709497206702
225.8 0.02165203511572227
226.0 0.021540303272146847
226.2 0.0214365522745411
226.4 0.021372705506783718
226.6 0.021276935355147644
226.8 0.02116520351157223
227.0 0.0210853950518755
227.2 0.020925778132482042
227.4 0.020766161213088587
227.6 0.020702314445331205
227.8 0.02056664006384677
228.0 0.020470869912210695
228.2 0.02032721468475658
228.4 0.02024740622505986
228.6 0.020151636073423785
228.8 0.02005586592178771
229.0 0.019912210694333597
229.2 0.01983240223463687
229.4 0.019752593774940142
229.6 0.019672785315243416
229.8 0.019608938547486035
230.0 0.019505187549880287
230.2 0.01936951316839585
230.4 0.01930566640063847
230.6 0.019209896249002392
230.8 0.019114126097366322
231.0 0.01905027932960894
231.2 0.018954509177972863
231.4 0.018890662410215482
231.6 0.018778930566640064
231.8 0.018675179569034316
232.0 0.018579409417398246
232.2 0.01850758180367119
232.4 0.018411811652035114
232.6 0.018347964884277736
232.8 0.018244213886671988
233.0 0.018124501197126896
233.2 0.01807661612130886
233.4 0.017980845969672785
233.6 0.01790901835594573
233.8 0.017813248204309656
234.0 0.0177414205905826
234.2 0.017701516360734238
234.4 0.01758978451715882
234.6 0.017517956903431765
234.8 0.01743016759776536
235.0 0.01733439744612929
235.2 0.017254588986432562
235.4 0.017166799680766162
235.6 0.01710295291300878
235.8 0.017031125299281726
236.0 0.016919393455706304
236.2 0.016847565841979252
236.4 0.016767757382282523
236.6 0.016711891460494812
236.8 0.01664804469273743
237.0 0.016576217079010375
237.2 0.016496408619313646
237.4 0.016432561851556265
237.6 0.01635275339185954
237.8 0.016241021548284117
238.0 0.016177174780526736
238.2 0.0161292897047087
238.4 0.01601755786113328
238.6 0.015969672785315244
238.8 0.01587390263367917
239.0 0.01579409417398244
239.2 0.015698324022346367
239.4 0.015626496408619312
239.6 0.015570630486831605
239.8 0.015514764565043894
240.0 0.015426975259377494
240.2 0.01535514764565044
240.4 0.01524341580207502
240.6 0.015203511572226656
240.8 0.015091779728651238
241.0 0.015027932960893855
241.2 0.0149561053471668
241.4 0.014884277733439744
241.6 0.01481245011971269
241.8 0.014732641660015961
242.0 0.014684756584197925
242.2 0.014636871508379888
242.4 0.01455706304868316
242.6 0.014485235434956105
242.8 0.014421388667198722
243.0 0.014309656823623305
243.2 0.014261771747805267
243.4 0.014237829209896248
243.6 0.01418196328810854
243.8 0.014102154828411812
244.0 0.014046288906624103
244.2 0.01398244213886672
244.4 0.013918595371109337
244.6 0.013870710295291301
244.8 0.0137829209896249
245.0 0.013711093375897845
245.2 0.013663208300079808
245.4 0.013559457302474064
245.6 0.01349561053471668
245.8 0.013455706304868316
246.0 0.01338387869114126
246.2 0.013312051077414207
246.4 0.013216280925778132
246.6 0.013192338387869113
246.8 0.013088587390263369
247.0 0.013056664006384677
247.2 0.012992817238627295
247.4 0.01295291300877893
247.6 0.012905027932960894
247.8 0.012841181165203512
248.0 0.012793296089385476
248.2 0.012713487629688746
248.4 0.012633679169992019
248.6 0.012593774940143656
248.8 0.012553870710295291
249.0 0.012490023942537908
249.2 0.01241021548284118
249.4 0.012362330407023146
249.6 0.01229050279329609
249.8 0.012250598563447726
250.0 0.012186751795690343
250.2 0.012146847565841978
250.4 0.01209098164405427
250.6 0.012027134876296888
250.8 0.011947326416600158
251.0 0.01189146049481245
251.2 0.011843575418994414
251.4 0.011731843575418994
251.6 0.011675977653631285
251.8 0.011644054269752593
252.0 0.011580207501995211
252.2 0.011524341580207502
252.4 0.0114365522745411
252.6 0.011388667198723064
252.8 0.01138068635275339
253.0 0.011308858739026338
253.2 0.011276935355147646
253.4 0.011213088587390263
253.6 0.011133280127693535
253.8 0.0110853950518755
254.0 0.011053471667996808
254.2 0.01100558659217877
254.4 0.010941739824421388
254.6 0.010861931364724662
254.8 0.010782122905027933
255.0 0.010758180367118914
255.2 0.010702314445331205
255.4 0.010606544293695133
255.6 0.010550678371907422
255.8 0.010518754988028732
256.0 0.010454908220271349
256.2 0.010407023144453312
256.4 0.010351157222665603
256.6 0.010295291300877894
256.8 0.010279329608938547
257.0 0.010191540303272146
257.2 0.010087789305666402
257.4 0.010079808459696728
257.6 0.010047885075818037
257.8 0.009984038308060654
258.0 0.009968076616121308
258.2 0.009928172386272945
258.4 0.009864325618515562
258.6 0.009840383080606543
258.8 0.00980047885075818
259.0 0.009736632083000797
259.2 0.00965682362330407
259.4 0.009569034317637668
259.6 0.009521149241819633
259.8 0.009481245011971269
260.0 0.009417398244213887
260.2 0.009329608938547486
260.4 0.009281723862729449
260.6 0.00925778132482043
260.8 0.00922585794094174
261.0 0.00916999201915403
261.2 0.009122106943335994
261.4 0.009090183559457302
261.6 0.009034317637669593
261.8 0.008946528332003191
262.0 0.008914604948124502
262.2 0.00888268156424581
262.4 0.008834796488427773
262.6 0.008802873104549082
262.8 0.008747007182761373
263.0 0.00871508379888268
263.2 0.008675179569034318
263.4 0.008603351955307263
263.6 0.008563447725458898
263.8 0.008515562649640863
264.0 0.008459696727853152
264.2 0.008435754189944135
264.4 0.008371907422186752
264.6 0.008276137270550678
264.8 0.00822027134876297
265.0 0.008172386272944933
265.2 0.008116520351157223
265.4 0.008092577813248203
265.6 0.008028731045490822
265.8 0.007988826815642457
266.0 0.00794094173982442
266.2 0.00790901835594573
266.4 0.007893056664006385
266.6 0.007821229050279328
266.8 0.007749401436552275
267.0 0.007701516360734237
267.2 0.007653631284916201
267.4 0.007629688747007183
267.6 0.007589784517158819
267.8 0.007541899441340783
268.0 0.007501995211492418
268.2 0.007446129289704708
268.4 0.007398244213886672
268.6 0.007334397446129289
268.8 0.007318435754189944
269.0 0.007270550678371908
269.2 0.007230646448523543
269.4 0.007214684756584198
269.6 0.007166799680766162
269.8 0.007142857142857143
270.0 0.007086991221069433
270.2 0.007055067837190743
270.4 0.0069752593774940145
270.6 0.006959297685554668
270.8 0.006903431763766959
271.0 0.006855546687948922
271.2 0.006823623304070231
271.4 0.006783719074221868
271.6 0.0067597765363128495
271.8 0.006679968076616122
272.0 0.006632083000798084
272.2 0.006576217079010374
272.4 0.006520351157222666
272.6 0.0064884277733439745
272.8 0.006440542697525937
273.0 0.006408619313647247
273.2 0.0063766959297685555
273.4 0.006296887470071828
273.6 0.006241021548284118
273.8 0.0062090981644054265
274.0 0.006129289704708699
274.2 0.006097366320830007
274.4 0.006065442936951316
274.6 0.0059936153232242615
274.8 0.005969672785315243
275.0 0.0059377494014365515
275.2 0.0058898643256185155
275.4 0.005841979249800479
275.6 0.005810055865921788
275.8 0.00578611332801277
276.0 0.0057222665602553865
276.2 0.005658419792498005
276.4 0.005626496408619314
276.6 0.005554668794892259
276.8 0.005530726256983241
277.0 0.005490822027134876
277.2 0.005458898643256185
277.4 0.005418994413407822
277.6 0.005363128491620112
277.8 0.005323224261771747
278.0 0.005283320031923384
278.2 0.005235434956105347
278.4 0.005179569034317638
278.6 0.005107741420590582
278.8 0.005043894652833201
279.0 0.005019952114924182
279.2 0.004980047885075818
279.4 0.004932162809257781
279.6 0.0049082202713487625
279.8 0.004852354349561053
280.0 0.004820430965682363
280.2 0.004772545889864326
280.4 0.004724660814046289
280.6 0.004676775738228252
280.8 0.004652833200319234
281.0 0.004596967278531524
281.2 0.004565043894652833
281.4 0.00455706304868316
281.6 0.00455706304868316
281.8 0.004517158818834796
282.0 0.004493216280925778
282.2 0.004453312051077414
282.4 0.004397446129289705
282.6 0.0043655227454110134
282.8 0.00432561851556265
283.0 0.004309656823623304
283.2 0.004285714285714285
283.4 0.004221867517956903
283.6 0.004173982442138867
283.8 0.004134078212290503
284.0 0.0040941739824421385
284.2 0.004038308060654429
284.4 0.004022346368715084
284.6 0.003966480446927375
284.8 0.00392657621707901
285.0 0.003918595371109337
285.2 0.0038946528332003193
285.4 0.003862729449321628
285.6 0.003854748603351955
285.8 0.003830806065442937
286.0 0.003790901835594573
286.2 0.003766959297685555
286.4 0.0037190742218675176
286.6 0.003687150837988827
286.8 0.003655227454110136
287.0 0.0036312849162011174
287.2 0.0036153232242617716
287.4 0.003599361532322426
287.6 0.0035514764565043894
287.8 0.0035275339185953714
288.0 0.0035035913806863526
288.2 0.003455706304868316
288.4 0.0034237829209896246
288.6 0.0033998403830806066
288.8 0.003375897845171588
289.0 0.0033599361532322424
289.2 0.0033519553072625698
289.4 0.003312051077414206
289.6 0.003264166001596169
289.8 0.003232242617717478
290.0 0.0031923383878691143
290.2 0.0031763766959297685
290.4 0.0031524341580207505
290.6 0.0031444533120510774
290.8 0.0031284916201117317
291.0 0.0030726256983240226
291.2 0.003032721468475658
291.4 0.003016759776536313
291.6 0.00300877893056664
291.8 0.0029848363926576215
292.0 0.0029608938547486035
292.2 0.0029449321628092578
292.4 0.0029130087789305662
292.6 0.002905027932960894
292.8 0.0028810853950518756
293.0 0.002841181165203512
293.2 0.0028172386272944934
293.4 0.0027932960893854745
293.6 0.002761372705506784
293.8 0.0027374301675977654
294.0 0.0026895450917797286
294.2 0.002673583399840383
294.4 0.0026256983240223464
294.6 0.002601755786113328
294.8 0.002569832402234637
295.0 0.0025379090183559453
295.2 0.002490023942537909
295.4 0.0024660814046288905
295.6 0.002450119712689545
295.8 0.002418196328810854
296.0 0.00237829209896249
296.2 0.0023623304070231445
296.4 0.0023463687150837987
296.6 0.002338387869114126
296.8 0.002330407023144453
297.0 0.0022905027932960897
297.2 0.0022505985634477255
297.4 0.002242617717478053
297.6 0.002226656025538707
297.8 0.002194732641660016
298.0 0.002194732641660016
298.2 0.0021867517956903433
298.4 0.002162809257781325
298.6 0.0021388667198723064
298.8 0.002114924181963288
299.0 0.0020909816440542696
299.2 0.002051077414205906
299.4 0.0020271348762968874
299.6 0.002011173184357542
299.8 0.002003192338387869
300.0 0.001979249800478851
300.2 0.001955307262569832
300.4 0.0019393455706304867
300.6 0.0018914604948124499
300.8 0.0018515562649640863
301.0 0.001819632881085395
301.2 0.001787709497206704
301.4 0.0017637669592976857
301.6 0.001739824421388667
301.8 0.001707901037509976
302.0 0.0016919393455706304
302.2 0.0016759776536312849
302.4 0.0016440542697525936
302.6 0.0016440542697525936
302.8 0.0016360734237829211
303.0 0.0016121308858739025
303.2 0.00160415003990423
303.4 0.0015802075019952114
303.6 0.0015562649640861932
303.8 0.0015403032721468476
304.0 0.0015243415802075019
304.2 0.001516360734237829
304.4 0.0014924181963288108
304.6 0.0014604948124501197
304.8 0.0014365522745411015
305.0 0.0014285714285714286
305.2 0.001412609736632083
305.4 0.001380686352753392
305.6 0.0013647246608140462
305.8 0.0013567438148443737
306.0 0.001332801276935355
306.2 0.0013168395849960095
306.4 0.001300877893056664
306.6 0.0012769353551476455
306.8 0.0012769353551476455
307.0 0.0012370311252992818
307.2 0.001229050279329609
307.4 0.0011971268954509178
307.6 0.001189146049481245
307.8 0.0011652035115722265
308.0 0.0011572226656025538
308.2 0.0011332801276935354
308.4 0.0011173184357541898
308.6 0.0010933758978451716
308.8 0.0010614525139664805
309.0 0.0010614525139664805
309.2 0.0010534716679968077
309.4 0.0010375099760574621
309.6 0.0010135674381484437
309.8 0.0009976057462090981
310.0 0.0009816440542697526
310.2 0.000965682362330407
310.4 0.000965682362330407
310.6 0.0009417398244213887
310.8 0.0009337589784517158
311.0 0.0009177972865123703
311.2 0.0008858739026336791
311.4 0.0008619313647246609
311.6 0.0008459696727853152
311.8 0.0008379888268156424
312.0 0.0008300079808459697
312.2 0.0008220271348762968
312.4 0.0008060654429369512
312.6 0.0007901037509976057
312.8 0.0007901037509976057
313.0 0.0007821229050279329
313.2 0.0007741420590582601
313.4 0.0007661612130885874
313.6 0.0007581803671189145
313.8 0.0007422186751795689
314.0 0.0007262569832402235
314.2 0.0006863527533918595
314.4 0.0006863527533918595
314.6 0.000670391061452514
314.8 0.0006464485235434957
315.0 0.0006464485235434957
315.2 0.0006304868316041501
315.4 0.0006304868316041501
315.6 0.0006065442936951317
315.8 0.0005985634477254589
316.0 0.0005905826017557861
316.2 0.0005826017557861132
316.4 0.0005666400638467677
316.6 0.0005506783719074223
316.8 0.0005267358339984038
317.0 0.0005267358339984038
317.2 0.0005107741420590583
317.4 0.0004868316041500399
317.6 0.0004868316041500399
317.8 0.0004868316041500399
318.0 0.0004868316041500399
318.2 0.0004628890662410216
318.4 0.0004389465283320032
318.6 0.0004229848363926576
318.8 0.00041500399042298483
319.0 0.00041500399042298483
319.2 0.00041500399042298483
319.4 0.00041500399042298483
319.6 0.0003990422984836393
319.8 0.00039106145251396646
320.0 0.0003750997605746209
320.2 0.0003750997605746209
320.4 0.0003750997605746209
320.6 0.0003750997605746209
320.8 0.00036711891460494814
321.0 0.00035115722266560254
321.2 0.00035115722266560254
321.4 0.00035115722266560254
321.6 0.00035115722266560254
321.8 0.00035115722266560254
322.0 0.00034317637669592976
322.2 0.00034317637669592976
322.4 0.000335195530726257
322.6 0.0003112529928172386
322.8 0.00030327214684756584
323.0 0.00030327214684756584
323.2 0.00028731045490822024
323.4 0.00028731045490822024
323.6 0.00028731045490822024
323.8 0.00028731045490822024
324.0 0.00027932960893854746
324.2 0.0002633679169992019
324.4 0.0002633679169992019
324.6 0.0002633679169992019
324.8 0.00025538707102952914
325.0 0.00024740622505985637
325.2 0.0002314445331205108
325.4 0.0002314445331205108
325.6 0.000223463687150838
325.8 0.000223463687150838
326.0 0.00020750199521149242
326.2 0.00020750199521149242
326.4 0.00020750199521149242
326.6 0.00019952114924181964
326.8 0.00019154030327214684
327.0 0.00019154030327214684
327.2 0.00019154030327214684
327.4 0.00018355945730247407
327.6 0.00018355945730247407
327.8 0.00017557861133280127
328.0 0.0001675977653631285
328.2 0.0001675977653631285
328.4 0.0001596169193934557
328.6 0.00015163607342378292
328.8 0.00012769353551476457
329.0 0.00012769353551476457
329.2 0.00011971268954509178
329.4 0.00010375099760574621
329.6 8.778930566640063e-05
329.8 7.980845969672785e-05
330.0 6.384676775738229e-05
330.2 4.788507581803671e-05
330.4 4.788507581803671e-05
330.6 3.990422984836392e-05
330.8 3.990422984836392e-05
331.0 2.3942537909018355e-05
331.2 2.3942537909018355e-05
331.4 1.596169193934557e-05
331.6 1.596169193934557e-05
331.8 1.596169193934557e-05
332.0 1.596169193934557e-05
332.2 7.980845969672786e-06
332.4 7.980845969672786e-06
332.6 0.0
