\tau/\tau_{d} vs n_{unpack}/N
0.0 1.0
0.2 0.9992877492877493
0.4 0.9967022792022792
0.6 0.9945940170940171
0.8 0.9925854700854702
1.0 0.990548433048433
1.2 0.9887250712250711
1.4 0.9868376068376068
1.6 0.9850854700854701
1.8 0.9834045584045584
2.0 0.9817378917378917
2.2 0.9802421652421652
2.4 0.9787179487179487
2.6 0.9772008547008546
2.8 0.9758547008547009
3.0 0.9745014245014245
3.2 0.9731766381766381
3.4 0.9718376068376068
3.6 0.9705555555555556
3.8 0.9690883190883192
4.0 0.9680341880341881
4.2 0.9669159544159543
4.4 0.9657692307692308
4.6 0.9645156695156695
4.8 0.9633475783475783
5.0 0.9622150997150998
5.2 0.9611823361823362
5.4 0.9600925925925925
5.6 0.9590384615384616
5.8 0.958019943019943
6.0 0.9570156695156694
6.2 0.9561396011396012
6.4 0.955
6.6 0.9540954415954416
6.8 0.9533689458689458
7.0 0.95247150997151
7.2 0.951645299145299
7.4 0.9506695156695157
7.6 0.9497364672364672
7.8 0.9489814814814815
8.0 0.9480698005698005
8.2 0.9472222222222223
8.4 0.9463603988603988
8.6 0.945462962962963
8.8 0.9446438746438747
9.0 0.9438603988603989
9.2 0.9429914529914529
9.4 0.9421011396011396
9.6 0.9413461538461538
9.8 0.9405698005698006
10.0 0.9396794871794871
10.2 0.9388461538461539
10.4 0.9381410256410256
10.6 0.9374145299145299
10.8 0.9366666666666668
11.0 0.9358903133903134
11.2 0.9352065527065527
11.4 0.9344586894586895
11.6 0.9337250712250712
11.8 0.9330555555555555
12.0 0.9323575498575498
12.2 0.9316524216524216
12.4 0.931068376068376
12.6 0.9303418803418804
12.8 0.9295726495726495
13.0 0.9288461538461539
13.2 0.9281766381766381
13.4 0.9275213675213675
13.6 0.9268233618233619
13.8 0.9261253561253561
14.0 0.9255840455840456
14.2 0.925
14.4 0.9244017094017094
14.6 0.9236894586894587
14.8 0.923148148148148
15.0 0.9227065527065527
15.2 0.921951566951567
15.4 0.9214173789173788
15.6 0.9207407407407407
15.8 0.9201923076923078
16.0 0.9194871794871794
16.2 0.9188603988603988
16.4 0.9182407407407408
16.6 0.9176139601139601
16.8 0.9170299145299146
17.0 0.9164957264957265
17.2 0.9159116809116808
17.4 0.9152564102564102
17.6 0.914622507122507
17.8 0.9141381766381766
18.0 0.913539886039886
18.2 0.9128703703703703
18.4 0.9123219373219373
18.6 0.9116096866096867
18.8 0.910982905982906
19.0 0.910405982905983
19.2 0.9098646723646724
19.4 0.9093091168091167
19.6 0.9088960113960114
19.8 0.9082977207977209
20.0 0.9077421652421652
20.2 0.9072507122507122
20.4 0.9067450142450143
20.6 0.9063034188034187
20.8 0.9058404558404558
21.0 0.9053062678062678
21.2 0.9047578347578348
21.4 0.9042236467236467
21.6 0.9037179487179487
21.8 0.9030982905982906
22.0 0.9026139601139601
22.2 0.9021794871794871
22.4 0.9016809116809117
22.6 0.9012037037037036
22.8 0.9006623931623932
23.0 0.8999857549857551
23.2 0.8994586894586896
23.4 0.8989173789173789
23.6 0.8982763532763532
23.8 0.8978988603988605
24.0 0.8973219373219373
24.2 0.8967806267806268
24.4 0.8962108262108263
24.6 0.8956908831908832
24.8 0.8952350427350427
25.0 0.8947934472934473
25.2 0.8942307692307692
25.4 0.8937606837606837
25.6 0.8933262108262109
25.8 0.8928846153846153
26.0 0.8923361823361823
26.2 0.8918304843304843
26.4 0.8913319088319088
26.6 0.8908333333333333
26.8 0.8904558404558405
27.0 0.890042735042735
27.2 0.8895868945868947
27.4 0.8890811965811966
27.6 0.8885968660968661
27.8 0.8881766381766382
28.0 0.8876709401709403
28.2 0.8871866096866097
28.4 0.8866737891737891
28.6 0.8862535612535613
28.8 0.8857834757834757
29.0 0.8853490028490029
29.2 0.8849786324786325
29.4 0.8844444444444445
29.6 0.8840170940170939
29.8 0.8835826210826211
30.0 0.8830626780626781
30.2 0.8826068376068377
30.4 0.8821937321937322
30.6 0.8817307692307692
30.8 0.8812962962962964
31.0 0.8807977207977209
31.2 0.8803703703703704
31.4 0.8799643874643874
31.6 0.879465811965812
31.8 0.8789173789173789
32.0 0.8784615384615384
32.2 0.8780626780626781
32.4 0.8775641025641027
32.6 0.8772008547008546
32.8 0.8767378917378917
33.0 0.8762749287749289
33.2 0.875854700854701
33.4 0.8753276353276354
33.6 0.8748717948717949
33.8 0.8744871794871795
34.0 0.8740099715099716
34.2 0.873554131054131
34.4 0.8732193732193733
34.6 0.8728632478632479
34.8 0.8723860398860398
35.0 0.8719088319088318
35.2 0.8714173789173789
35.4 0.8710256410256411
35.6 0.870619658119658
35.8 0.8702065527065527
36.0 0.8698076923076923
36.2 0.8694586894586895
36.4 0.8690384615384616
36.6 0.8686752136752136
36.8 0.8682407407407408
37.0 0.8677991452991454
37.2 0.867428774928775
37.4 0.8670299145299145
37.6 0.8666096866096866
37.8 0.8661324786324787
38.0 0.8657264957264956
38.2 0.8652564102564102
38.4 0.8647792022792022
38.6 0.8642948717948719
38.8 0.8638817663817663
39.0 0.8635327635327635
39.2 0.8631196581196581
39.4 0.8627350427350428
39.6 0.862400284900285
39.8 0.8618447293447293
40.0 0.8614814814814815
40.2 0.8610470085470086
40.4 0.860648148148148
40.6 0.8601923076923077
40.8 0.8597649572649573
41.0 0.8593589743589743
41.2 0.8590384615384616
41.4 0.8586965811965812
41.6 0.8583119658119658
41.8 0.8577777777777778
42.0 0.8573504273504274
42.2 0.8569586894586895
42.4 0.8565242165242165
42.6 0.8561253561253561
42.8 0.8557834757834758
43.0 0.8553846153846153
43.2 0.8550498575498575
43.4 0.8545299145299146
43.6 0.8542094017094017
43.8 0.8538603988603988
44.0 0.8533974358974359
44.2 0.8528917378917379
44.4 0.8525071225071226
44.6 0.8521509971509971
44.8 0.8516096866096866
45.0 0.8511680911680912
45.2 0.8508190883190884
45.4 0.8504558404558406
45.6 0.8499358974358974
45.8 0.849423076923077
46.0 0.8489102564102563
46.2 0.848554131054131
46.4 0.8481908831908832
46.6 0.8477920227920228
46.8 0.8474145299145299
47.0 0.847051282051282
47.2 0.8466452991452991
47.4 0.8463247863247864
47.6 0.845968660968661
47.8 0.845619658119658
48.0 0.8452991452991454
48.2 0.8450498575498575
48.4 0.8446082621082621
48.6 0.8441809116809117
48.8 0.8436823361823361
49.0 0.8433048433048432
49.2 0.8428917378917379
49.4 0.8425284900284901
49.6 0.8421794871794872
49.8 0.8417592592592592
50.0 0.8412250712250712
50.2 0.8408333333333333
50.4 0.8403062678062677
50.6 0.8399287749287749
50.8 0.8395726495726495
51.0 0.8392236467236468
51.2 0.8388247863247864
51.4 0.8384259259259259
51.6 0.8380413105413105
51.8 0.8376566951566952
52.0 0.8371937321937323
52.2 0.8367663817663817
52.4 0.8364031339031339
52.6 0.835968660968661
52.8 0.8355484330484331
53.0 0.835099715099715
53.2 0.8347364672364672
53.4 0.8343447293447294
53.6 0.8338532763532764
53.8 0.8335113960113961
54.0 0.8331054131054131
54.2 0.8327350427350427
54.4 0.8323219373219374
54.6 0.8320156695156694
54.8 0.8315384615384616
55.0 0.8312108262108262
55.2 0.8308048433048433
55.4 0.830462962962963
55.6 0.8300498575498575
55.8 0.8296438746438747
56.0 0.8292022792022792
56.2 0.8286538461538462
56.4 0.8282193732193732
56.6 0.8278347578347578
56.8 0.8274430199430199
57.0 0.8271723646723647
57.2 0.8268376068376068
57.4 0.8264529914529914
57.6 0.8260541310541311
57.8 0.8257407407407408
58.0 0.8253490028490029
58.2 0.8249287749287749
58.4 0.8245726495726495
58.6 0.8242450142450143
58.8 0.8237962962962964
59.0 0.8234188034188034
59.2 0.8230555555555555
59.4 0.8226780626780626
59.6 0.8222792022792023
59.8 0.8220085470085471
60.0 0.8217022792022791
60.2 0.8213675213675213
60.4 0.820968660968661
60.6 0.8205840455840456
60.8 0.8202279202279201
61.0 0.8198789173789174
61.2 0.819508547008547
61.4 0.8191310541310541
61.6 0.8187535612535612
61.8 0.8183618233618233
62.0 0.818005698005698
62.2 0.8176068376068376
62.4 0.8171509971509971
62.6 0.8167307692307691
62.8 0.8163532763532764
63.0 0.816039886039886
63.2 0.8156481481481481
63.4 0.8152777777777778
63.6 0.8148860398860398
63.8 0.814494301994302
64.0 0.8140598290598291
64.2 0.8136965811965813
64.4 0.8133333333333332
64.6 0.8129629629629629
64.8 0.812457264957265
65.0 0.8120299145299146
65.2 0.8116880341880343
65.4 0.8112820512820512
65.6 0.8108618233618233
65.8 0.8105270655270655
66.0 0.8101282051282052
66.2 0.8097720797720798
66.4 0.809494301994302
66.6 0.8090883190883191
66.8 0.8086538461538462
67.0 0.8082621082621082
67.2 0.8078917378917378
67.4 0.8075213675213675
67.6 0.8070868945868946
67.8 0.8067735042735044
68.0 0.8064387464387464
68.2 0.8061182336182336
68.4 0.8057193732193733
68.6 0.8053917378917379
68.8 0.8049857549857551
69.0 0.8046652421652422
69.2 0.8042450142450143
69.4 0.8038746438746439
69.6 0.8035185185185185
69.8 0.8030555555555555
70.0 0.8026210826210826
70.2 0.8022649572649573
70.4 0.8019586894586895
70.6 0.8015954415954415
70.8 0.8011965811965812
71.0 0.8007549857549857
71.2 0.8003632478632479
71.4 0.799928774928775
71.6 0.799522792022792
71.8 0.7991951566951567
72.0 0.7988105413105413
72.2 0.798482905982906
72.4 0.798119658119658
72.6 0.7977991452991453
72.8 0.7974074074074075
73.0 0.7970797720797721
73.2 0.7967165242165243
73.4 0.7963675213675213
73.6 0.795954415954416
73.8 0.7955840455840456
74.0 0.7952136752136753
74.2 0.7948860398860398
74.4 0.7945726495726495
74.6 0.7942948717948718
74.8 0.7939814814814815
75.0 0.7936609686609687
75.2 0.7933475783475784
75.4 0.7930199430199429
75.6 0.7927136752136752
75.8 0.7923646723646723
76.0 0.791994301994302
76.2 0.7916025641025641
76.4 0.7913105413105412
76.6 0.7908689458689458
76.8 0.790505698005698
77.0 0.7901068376068376
77.2 0.7897649572649573
77.4 0.7894871794871794
77.6 0.7891025641025641
77.8 0.7887393162393163
78.0 0.7883903133903134
78.2 0.7880341880341881
78.4 0.7876566951566951
78.6 0.7872293447293447
78.8 0.7869444444444444
79.0 0.7866168091168092
79.2 0.7863034188034187
79.4 0.7858689458689458
79.6 0.785477207977208
79.8 0.7851210826210826
80.0 0.7846937321937323
80.2 0.7843660968660968
80.4 0.7839672364672364
80.6 0.7836182336182337
80.8 0.7832977207977209
81.0 0.7829629629629629
81.2 0.782542735042735
81.4 0.7821438746438747
81.6 0.7817592592592593
81.8 0.7813888888888889
82.0 0.7810754985754985
82.2 0.7806908831908832
82.4 0.780405982905983
82.6 0.7800925925925926
82.8 0.7797293447293447
83.0 0.7793447293447293
83.2 0.779002849002849
83.4 0.7786396011396012
83.6 0.7783547008547009
83.8 0.7779700854700855
84.0 0.7775641025641026
84.2 0.7771438746438747
84.4 0.7767877492877493
84.6 0.7764173789173789
84.8 0.7760113960113961
85.0 0.7757336182336182
85.2 0.7753133903133903
85.4 0.77497150997151
85.6 0.7746438746438747
85.8 0.7741951566951567
86.0 0.7738960113960114
86.2 0.7735327635327636
86.4 0.7731552706552707
86.6 0.7727849002849002
86.8 0.7724074074074074
87.0 0.7721011396011396
87.2 0.7718162393162393
87.4 0.7715598290598291
87.6 0.7712393162393163
87.8 0.7709259259259259
88.0 0.7705555555555555
88.2 0.7701638176638177
88.4 0.7697720797720798
88.6 0.769451566951567
88.8 0.7690242165242165
89.0 0.7686680911680912
89.2 0.7683618233618233
89.4 0.7679415954415955
89.6 0.7675925925925925
89.8 0.7672222222222222
90.0 0.7668945868945869
90.2 0.7665384615384616
90.4 0.7661182336182337
90.6 0.7657549857549857
90.8 0.7654059829059829
91.0 0.7650071225071226
91.2 0.7646367521367522
91.4 0.7643304843304842
91.6 0.7639672364672364
91.8 0.7636538461538461
92.0 0.7633475783475784
92.2 0.7629985754985755
92.4 0.7626923076923078
92.6 0.7623219373219373
92.8 0.7619088319088319
93.0 0.7615740740740741
93.2 0.7612321937321938
93.4 0.7609615384615384
93.6 0.7606267806267806
93.8 0.7603917378917379
94.0 0.7600997150997151
94.2 0.7596794871794872
94.4 0.7593874643874643
94.6 0.7590883190883191
94.8 0.7587606837606837
95.0 0.7583974358974359
95.2 0.7581623931623932
95.4 0.7578561253561253
95.6 0.7574715099715099
95.8 0.7570726495726495
96.0 0.7566595441595442
96.2 0.7563034188034188
96.4 0.7560398860398859
96.6 0.7557621082621082
96.8 0.7553988603988604
97.0 0.7550569800569801
97.2 0.7547079772079772
97.4 0.7543732193732194
97.6 0.7540099715099715
97.8 0.7537108262108262
98.0 0.7534116809116809
98.2 0.7529985754985755
98.4 0.7526282051282052
98.6 0.7522720797720798
98.8 0.7519017094017094
99.0 0.7516168091168092
99.2 0.7513176638176638
99.4 0.7509330484330485
99.6 0.750576923076923
99.8 0.7501994301994301
100.0 0.7497578347578348
100.2 0.7494373219373219
100.4 0.7490598290598292
100.6 0.7487678062678063
100.8 0.7484045584045584
101.0 0.7479700854700855
101.2 0.7476139601139602
101.4 0.7473290598290597
101.6 0.747051282051282
101.8 0.7466809116809117
102.0 0.7462820512820513
102.2 0.7458760683760685
102.4 0.7455840455840456
102.6 0.7452564102564102
102.8 0.7448504273504274
103.0 0.7445156695156695
103.2 0.7442592592592593
103.4 0.7438960113960114
103.6 0.743568376068376
103.8 0.7432905982905983
104.0 0.7429843304843305
104.2 0.7426353276353277
104.4 0.7423005698005699
104.6 0.7419230769230769
104.8 0.7416025641025641
105.0 0.7412820512820513
105.2 0.7409615384615384
105.4 0.7405840455840456
105.6 0.7402421652421652
105.8 0.7399074074074075
106.0 0.7395726495726496
106.2 0.7391595441595442
106.4 0.7388247863247863
106.6 0.738539886039886
106.8 0.7382264957264957
107.0 0.7379202279202279
107.2 0.7376139601139602
107.4 0.7373219373219374
107.6 0.7370014245014245
107.8 0.7367094017094017
108.0 0.7364173789173789
108.2 0.7360470085470086
108.4 0.7357264957264956
108.6 0.7353561253561253
108.8 0.7349501424501425
109.0 0.7345156695156695
109.2 0.7341666666666667
109.4 0.7338034188034187
109.6 0.7335327635327635
109.8 0.7331766381766381
110.0 0.7328062678062678
110.2 0.73244301994302
110.4 0.7321866096866096
110.6 0.7319017094017094
110.8 0.731574074074074
111.0 0.7312393162393163
111.2 0.7309188034188034
111.4 0.7304558404558406
111.6 0.7301495726495726
111.8 0.7298219373219373
112.0 0.7294017094017095
112.2 0.7290598290598291
112.4 0.7287535612535612
112.6 0.728482905982906
112.8 0.7281054131054131
113.0 0.7277136752136752
113.2 0.7272293447293446
113.4 0.7268589743589743
113.6 0.7264173789173789
113.8 0.7260754985754986
114.0 0.7257193732193733
114.2 0.7254273504273505
114.4 0.725099715099715
114.6 0.7247008547008547
114.8 0.7243447293447294
115.0 0.7240455840455841
115.2 0.7236752136752136
115.4 0.7233903133903133
115.6 0.723019943019943
115.8 0.7226851851851852
116.0 0.7223219373219374
116.2 0.7220085470085471
116.4 0.7217592592592592
116.6 0.721474358974359
116.8 0.7211253561253561
117.0 0.7208475783475784
117.2 0.7204914529914529
117.4 0.7200925925925925
117.6 0.7197435897435898
117.8 0.7193945868945869
118.0 0.7189529914529915
118.2 0.7186609686609686
118.4 0.7182977207977208
118.6 0.7180555555555556
118.8 0.7177207977207978
119.0 0.7173504273504274
119.2 0.7169871794871794
119.4 0.7166737891737891
119.6 0.7162464387464388
119.8 0.7159330484330485
120.0 0.7155982905982906
120.2 0.7152065527065526
120.4 0.7149074074074074
120.6 0.7146082621082621
120.8 0.7141951566951568
121.0 0.7138319088319087
121.2 0.7135042735042735
121.4 0.7131766381766381
121.6 0.7127920227920228
121.8 0.7124786324786325
122.0 0.7121509971509972
122.2 0.7117307692307692
122.4 0.7114102564102563
122.6 0.7110754985754986
122.8 0.7108048433048433
123.0 0.7104843304843306
123.2 0.7100641025641026
123.4 0.7097150997150997
123.6 0.7093803418803419
123.8 0.7090384615384616
124.0 0.7086752136752136
124.2 0.7083404558404558
124.4 0.7079558404558405
124.6 0.7076068376068376
124.8 0.7072934472934473
125.0 0.7069373219373218
125.2 0.7065242165242165
125.4 0.7061609686609687
125.6 0.7058119658119658
125.8 0.7055484330484331
126.0 0.7052635327635328
126.2 0.7049928774928774
126.4 0.7046866096866097
126.6 0.7043518518518519
126.8 0.703988603988604
127.0 0.7035612535612537
127.2 0.7032336182336182
127.4 0.7029415954415954
127.6 0.7025997150997151
127.8 0.7022934472934473
128.0 0.7019088319088318
128.2 0.7014458689458689
128.4 0.7011182336182337
128.6 0.7007193732193733
128.8 0.7002421652421653
129.0 0.6999074074074074
129.2 0.699480056980057
129.4 0.6992236467236468
129.6 0.699002849002849
129.8 0.6986609686609687
130.0 0.6982692307692308
130.2 0.6978988603988604
130.4 0.6976566951566952
130.6 0.6973148148148148
130.8 0.6970370370370371
131.0 0.6967094017094017
131.2 0.6963888888888888
131.4 0.6960754985754986
131.6 0.6956908831908832
131.8 0.6953276353276354
132.0 0.6949074074074075
132.2 0.6944729344729345
132.4 0.6941809116809117
132.6 0.6938176638176639
132.8 0.6934401709401709
133.0 0.6931552706552706
133.2 0.6928205128205128
133.4 0.69252849002849
133.6 0.6922507122507122
133.8 0.6919301994301995
134.0 0.6915669515669515
134.2 0.6912037037037037
134.4 0.6908190883190883
134.6 0.6905413105413105
134.8 0.6901282051282052
135.0 0.6898361823361823
135.2 0.6894444444444444
135.4 0.6891096866096866
135.6 0.6888461538461539
135.8 0.6885113960113961
136.0 0.6882407407407407
136.2 0.6879558404558405
136.4 0.6876638176638177
136.6 0.6873148148148148
136.8 0.6869373219373219
137.0 0.6865811965811965
137.2 0.6861609686609687
137.4 0.6858119658119658
137.6 0.6855555555555556
137.8 0.6851638176638177
138.0 0.6847507122507122
138.2 0.6844658119658119
138.4 0.6841381766381767
138.6 0.6838105413105413
138.8 0.6834472934472935
139.0 0.6831125356125356
139.2 0.6826923076923077
139.4 0.6822863247863248
139.6 0.6819301994301995
139.8 0.6815954415954415
140.0 0.6813746438746439
140.2 0.681096866096866
140.4 0.6807051282051282
140.6 0.6803133903133903
140.8 0.6799643874643874
141.0 0.679622507122507
141.2 0.6792948717948718
141.4 0.678988603988604
141.6 0.6785968660968661
141.8 0.6783190883190884
142.0 0.678005698005698
142.2 0.6776994301994301
142.4 0.6772792022792022
142.6 0.6769444444444445
142.8 0.6765883190883192
143.0 0.6762535612535612
143.2 0.675997150997151
143.4 0.6756410256410257
143.6 0.6752991452991454
143.8 0.674957264957265
144.0 0.674622507122507
144.2 0.6743518518518519
144.4 0.6739529914529915
144.6 0.6736111111111112
144.8 0.6732905982905983
145.0 0.6729344729344728
145.2 0.6726495726495726
145.4 0.6722364672364672
145.6 0.6718376068376068
145.8 0.6714245014245015
146.0 0.6710327635327635
146.2 0.6707264957264957
146.4 0.670405982905983
146.6 0.6700641025641026
146.8 0.6697792022792022
147.0 0.6694729344729344
147.2 0.6691168091168092
147.4 0.6687678062678063
147.6 0.668468660968661
147.8 0.6680982905982905
148.0 0.6678632478632478
148.2 0.6674928774928774
148.4 0.6671438746438747
148.6 0.6668091168091168
148.8 0.6663817663817663
149.0 0.6660042735042735
149.2 0.6656552706552706
149.4 0.6652207977207978
149.6 0.6648433048433049
149.8 0.664522792022792
150.0 0.6641951566951567
150.2 0.6638532763532764
150.4 0.6635470085470085
150.6 0.6631837606837607
150.8 0.6629487179487179
151.0 0.6626566951566951
151.2 0.6623646723646723
151.4 0.6619586894586895
151.6 0.661517094017094
151.8 0.6611752136752136
152.0 0.6608831908831908
152.2 0.6605341880341881
152.4 0.6601282051282051
152.6 0.6597435897435898
152.8 0.6594658119658119
153.0 0.6591666666666667
153.2 0.6589031339031339
153.4 0.6585754985754986
153.6 0.6582407407407408
153.8 0.6579202279202279
154.0 0.657542735042735
154.2 0.6572008547008547
154.4 0.6569017094017094
154.6 0.6565740740740741
154.8 0.6562606837606837
155.0 0.6559401709401709
155.2 0.655548433048433
155.4 0.6552207977207978
155.6 0.6548433048433049
155.8 0.6544017094017094
156.0 0.6539245014245014
156.2 0.6535470085470085
156.4 0.6532692307692308
156.6 0.6529700854700855
156.8 0.6525925925925925
157.0 0.6522507122507122
157.2 0.6518376068376068
157.4 0.651502849002849
157.6 0.6511396011396012
157.8 0.6508333333333333
158.0 0.6505413105413105
158.2 0.6502350427350427
158.4 0.6498290598290598
158.6 0.6494301994301995
158.8 0.6491737891737891
159.0 0.6488390313390313
159.2 0.648568376068376
159.4 0.6481980056980057
159.6 0.6478490028490029
159.8 0.6475213675213675
160.0 0.6472222222222223
160.2 0.6469729344729345
160.4 0.6467236467236468
160.6 0.6462820512820513
160.8 0.6459401709401709
161.0 0.6456481481481481
161.2 0.6452492877492878
161.4 0.6449358974358974
161.6 0.6446225071225071
161.8 0.6443945868945868
162.0 0.644002849002849
162.2 0.6436609686609687
162.4 0.6432478632478633
162.6 0.6429273504273505
162.8 0.6425854700854701
163.0 0.6422293447293447
163.2 0.6418803418803419
163.4 0.641445868945869
163.6 0.6410541310541311
163.8 0.6407763532763532
164.0 0.6403774928774929
164.2 0.640042735042735
164.4 0.6396794871794872
164.6 0.6392521367521368
164.8 0.6389031339031339
165.0 0.6386039886039886
165.2 0.6383190883190883
165.4 0.6379843304843305
165.6 0.6377279202279202
165.8 0.6374002849002849
166.0 0.636980056980057
166.2 0.636588319088319
166.4 0.6362820512820513
166.6 0.6359116809116809
166.8 0.6355128205128205
167.0 0.6351851851851852
167.2 0.6348076923076923
167.4 0.634522792022792
167.6 0.6341381766381766
167.8 0.6337606837606837
168.0 0.6334188034188034
168.2 0.6330698005698006
168.4 0.6328133903133903
168.6 0.6325
168.8 0.6322150997150997
169.0 0.6318162393162393
169.2 0.631559829059829
169.4 0.6312891737891738
169.6 0.6309330484330484
169.8 0.6306837606837606
170.0 0.6303561253561254
170.2 0.6300071225071224
170.4 0.6296723646723646
170.6 0.6292236467236467
170.8 0.6288603988603989
171.0 0.6285897435897436
171.2 0.6282834757834758
171.4 0.6279558404558404
171.6 0.6276780626780627
171.8 0.6272507122507123
172.0 0.6269017094017094
172.2 0.6266168091168091
172.4 0.6262678062678063
172.6 0.6258618233618234
172.8 0.6255413105413106
173.0 0.6251994301994303
173.2 0.6248789173789173
173.4 0.6246153846153846
173.6 0.6243019943019943
173.8 0.6238532763532764
174.0 0.6234900284900285
174.2 0.623091168091168
174.4 0.6227920227920228
174.6 0.622514245014245
174.8 0.6221652421652422
175.0 0.6218447293447293
175.2 0.621445868945869
175.4 0.6210826210826211
175.6 0.6207478632478632
175.8 0.6204415954415954
176.0 0.6200712250712251
176.2 0.6197222222222222
176.4 0.6193732193732194
176.6 0.6190242165242165
176.8 0.6186965811965812
177.0 0.6183903133903134
177.2 0.618091168091168
177.4 0.6177207977207977
177.6 0.6173646723646723
177.8 0.6171082621082621
178.0 0.6167592592592592
178.2 0.6163888888888889
178.4 0.6160754985754986
178.6 0.6157549857549858
178.8 0.6154131054131055
179.0 0.6150498575498575
179.2 0.6147293447293447
179.4 0.6144159544159544
179.6 0.6141239316239316
179.8 0.6137678062678062
180.0 0.6134259259259259
180.2 0.613091168091168
180.4 0.6127849002849003
180.6 0.6124572649572649
180.8 0.6122364672364672
181.0 0.6118732193732194
181.2 0.6116025641025641
181.4 0.6112108262108262
181.6 0.6108547008547008
181.8 0.6104415954415954
182.0 0.6100641025641026
182.2 0.6097435897435897
182.4 0.6093660968660969
182.6 0.6091025641025641
182.8 0.6087820512820513
183.0 0.6085398860398861
183.2 0.6081623931623932
183.4 0.6078347578347578
183.6 0.6074501424501425
183.8 0.6070441595441596
184.0 0.6067022792022793
184.2 0.6063247863247863
184.4 0.605968660968661
184.6 0.6056125356125356
184.8 0.6053347578347579
185.0 0.60497150997151
185.2 0.6045868945868945
185.4 0.6043091168091168
185.6 0.6039387464387465
185.8 0.6035754985754985
186.0 0.6033333333333334
186.2 0.603019943019943
186.4 0.6027136752136752
186.6 0.602400284900285
186.8 0.6020726495726495
187.0 0.6016809116809116
187.2 0.6013390313390313
187.4 0.600997150997151
187.6 0.6006837606837607
187.8 0.6003774928774929
188.0 0.600099715099715
188.2 0.5997578347578347
188.4 0.5994017094017093
188.6 0.5991381766381766
188.8 0.598917378917379
189.0 0.598497150997151
189.2 0.5981766381766382
189.4 0.5978347578347578
189.6 0.5974358974358974
189.8 0.5970726495726495
190.0 0.5966737891737892
190.2 0.5963247863247862
190.4 0.596011396011396
190.6 0.5955911680911681
190.8 0.5952849002849002
191.0 0.5947934472934473
191.2 0.5944444444444444
191.4 0.5941381766381766
191.6 0.5938532763532763
191.8 0.593525641025641
192.0 0.5931766381766382
192.2 0.5928846153846155
192.4 0.5925712250712251
192.6 0.5922649572649573
192.8 0.592008547008547
193.0 0.5916737891737892
193.2 0.5913960113960114
193.4 0.5911396011396011
193.6 0.5907692307692308
193.8 0.5902991452991453
194.0 0.59
194.2 0.5896509971509972
194.4 0.5893589743589743
194.6 0.589002849002849
194.8 0.5886609686609687
195.0 0.5882834757834757
195.2 0.5879914529914531
195.4 0.5876210826210826
195.6 0.5872150997150998
195.8 0.5868589743589744
196.0 0.5865170940170941
196.2 0.5862108262108262
196.4 0.5858618233618234
196.6 0.5855413105413105
196.8 0.5851210826210826
197.0 0.5848076923076924
197.2 0.5844729344729345
197.4 0.5841595441595442
197.6 0.5837535612535613
197.8 0.5834615384615385
198.0 0.5830982905982907
198.2 0.5827207977207977
198.4 0.5823931623931624
198.6 0.5820726495726496
198.8 0.5817663817663817
199.0 0.5814458689458689
199.2 0.5810968660968662
199.4 0.5807977207977207
199.6 0.5804843304843305
199.8 0.5801638176638177
200.0 0.5797934472934473
200.2 0.5793732193732194
200.4 0.5791809116809117
200.6 0.5789031339031339
200.8 0.5785968660968661
201.0 0.5782621082621082
201.2 0.578005698005698
201.4 0.5776994301994303
201.6 0.5773575498575498
201.8 0.5770797720797721
202.0 0.5768091168091168
202.2 0.5765384615384616
202.4 0.5762393162393162
202.6 0.5758475783475784
202.8 0.5755982905982906
203.0 0.5752207977207977
203.2 0.5748931623931623
203.4 0.5745584045584046
203.6 0.5741168091168091
203.8 0.5738319088319088
204.0 0.5735327635327636
204.2 0.5732336182336182
204.4 0.5729202279202279
204.6 0.5725498575498575
204.8 0.5722222222222222
205.0 0.5718233618233618
205.2 0.5715384615384616
205.4 0.5712678062678063
205.6 0.5709544159544159
205.8 0.5705555555555556
206.0 0.5702207977207977
206.2 0.5699145299145298
206.4 0.5695370370370371
206.6 0.5691737891737891
206.8 0.568974358974359
207.0 0.5685612535612535
207.2 0.5681552706552706
207.4 0.5678418803418803
207.6 0.567514245014245
207.8 0.5670156695156695
208.0 0.5667022792022792
208.2 0.5663319088319089
208.4 0.5660897435897436
208.6 0.5656695156695156
208.8 0.5654131054131054
209.0 0.5650783475783476
209.2 0.5647222222222222
209.4 0.5643091168091169
209.6 0.563988603988604
209.8 0.5636182336182336
210.0 0.5632478632478632
210.2 0.5628774928774929
210.4 0.5626210826210827
210.6 0.5623219373219374
210.8 0.5620512820512821
211.0 0.5616880341880343
211.2 0.5613461538461538
211.4 0.5609686609686609
211.6 0.5606481481481481
211.8 0.5602564102564103
212.0 0.5599287749287749
212.2 0.5594729344729344
212.4 0.5591381766381766
212.6 0.5588319088319088
212.8 0.5585042735042736
213.0 0.5581695156695157
213.2 0.5578632478632478
213.4 0.557485754985755
213.6 0.5571011396011396
213.8 0.5567165242165243
214.0 0.5563888888888888
214.2 0.5560185185185186
214.4 0.5557051282051282
214.6 0.5553490028490028
214.8 0.5550356125356125
215.0 0.5547435897435897
215.2 0.5543803418803419
215.4 0.5540527065527066
215.6 0.5537464387464387
215.8 0.5533903133903134
216.0 0.553076923076923
216.2 0.5527991452991453
216.4 0.5524786324786325
216.6 0.5520868945868945
216.8 0.5517877492877493
217.0 0.551517094017094
217.2 0.5511894586894587
217.4 0.5508903133903134
217.6 0.5505413105413105
217.8 0.5502279202279202
218.0 0.5499216524216525
218.2 0.5496652421652422
218.4 0.5493518518518519
218.6 0.5490099715099714
218.8 0.5486538461538462
219.0 0.5483190883190884
219.2 0.5479985754985754
219.4 0.5476210826210827
219.6 0.5472863247863248
219.8 0.547008547008547
220.0 0.5466168091168091
220.2 0.5463105413105412
220.4 0.545940170940171
220.6 0.5456054131054131
220.8 0.5452421652421653
221.0 0.5449216524216525
221.2 0.544537037037037
221.4 0.5442663817663818
221.6 0.5438390313390313
221.8 0.5435541310541311
222.0 0.5431908831908832
222.2 0.5428632478632478
222.4 0.5424501424501424
222.6 0.5420726495726496
222.8 0.5417094017094017
223.0 0.5412678062678062
223.2 0.540982905982906
223.4 0.5406766381766382
223.6 0.5403561253561253
223.8 0.539985754985755
224.0 0.5395655270655271
224.2 0.5391239316239317
224.4 0.5387606837606838
224.6 0.5384045584045584
224.8 0.5381410256410256
225.0 0.5378632478632478
225.2 0.5374074074074074
225.4 0.5370726495726496
225.6 0.5368447293447294
225.8 0.5365242165242166
226.0 0.5361965811965812
226.2 0.5358333333333334
226.4 0.5354843304843304
226.6 0.5352350427350427
226.8 0.5349501424501425
227.0 0.5346581196581197
227.2 0.5343518518518519
227.4 0.5340883190883191
227.6 0.5337108262108262
227.8 0.5333974358974359
228.0 0.5330270655270656
228.2 0.5327421652421652
228.4 0.5324643874643875
228.6 0.5320584045584046
228.8 0.5317378917378918
229.0 0.5314672364672365
229.2 0.5311324786324786
229.4 0.5307407407407407
229.6 0.5303062678062678
229.8 0.5300213675213675
230.0 0.5297364672364673
230.2 0.5293732193732194
230.4 0.5289387464387465
230.6 0.5285968660968661
230.8 0.5282549857549858
231.0 0.5278774928774929
231.2 0.5274928774928775
231.4 0.5271296296296296
231.6 0.5267806267806268
231.8 0.5265242165242165
232.0 0.5262464387464387
232.2 0.525982905982906
232.4 0.5256054131054131
232.6 0.5252279202279202
232.8 0.5249643874643874
233.0 0.5245940170940171
233.2 0.5243233618233618
233.4 0.5240170940170941
233.6 0.5236396011396011
233.8 0.5231908831908831
234.0 0.5227849002849002
234.2 0.5223789173789174
234.4 0.5220655270655271
234.6 0.5217165242165243
234.8 0.5212962962962963
235.0 0.5208333333333334
235.2 0.520548433048433
235.4 0.5202207977207977
235.6 0.5199786324786325
235.8 0.5196438746438746
236.0 0.5193233618233618
236.2 0.518974358974359
236.4 0.5185897435897435
236.6 0.5181623931623932
236.8 0.5177777777777778
237.0 0.5173860398860399
237.2 0.517008547008547
237.4 0.516559829059829
237.6 0.5162108262108263
237.8 0.5158831908831909
238.0 0.5156695156695157
238.2 0.5154059829059829
238.4 0.515042735042735
238.6 0.5147792022792023
238.8 0.5143660968660968
239.0 0.513988603988604
239.2 0.5137037037037038
239.4 0.5134472934472935
239.6 0.5131125356125356
239.8 0.5127421652421653
240.0 0.5124287749287749
240.2 0.5120655270655271
240.4 0.5117450142450142
240.6 0.5114245014245015
240.8 0.510982905982906
241.0 0.5106766381766382
241.2 0.5103490028490029
241.4 0.5099074074074074
241.6 0.5095014245014245
241.8 0.5092450142450142
242.0 0.5088390313390313
242.2 0.5083119658119658
242.4 0.5079344729344729
242.6 0.5076139601139601
242.8 0.5072008547008547
243.0 0.5068518518518519
243.2 0.5065313390313391
243.4 0.5060897435897436
243.6 0.5056766381766382
243.8 0.5053062678062679
244.0 0.5049358974358974
244.2 0.5046082621082622
244.4 0.5044088319088319
244.6 0.5040384615384615
244.8 0.5037321937321937
245.0 0.5034259259259259
245.2 0.5031766381766382
245.4 0.5027706552706552
245.6 0.5023646723646723
245.8 0.5021438746438747
246.0 0.5018518518518519
246.2 0.501488603988604
246.4 0.5011324786324787
246.6 0.5007834757834757
246.8 0.500491452991453
247.0 0.5001282051282051
247.2 0.49977207977207977
247.4 0.4993874643874644
247.6 0.4990099715099715
247.8 0.4986324786324786
248.0 0.4982763532763533
248.2 0.4979415954415954
248.4 0.49757834757834757
248.6 0.4971937321937322
248.8 0.4968874643874644
249.0 0.4965099715099715
249.2 0.4961396011396011
249.4 0.4958618233618234
249.6 0.4954843304843305
249.8 0.49517094017094015
250.0 0.4947649572649573
250.2 0.494465811965812
250.4 0.49407407407407405
250.6 0.4937749287749288
250.8 0.493511396011396
251.0 0.49322649572649574
251.2 0.4929273504273505
251.4 0.4925925925925926
251.6 0.49223646723646725
251.8 0.49190170940170935
252.0 0.4916524216524216
252.2 0.4913461538461539
252.4 0.49097578347578347
252.6 0.49064814814814817
252.8 0.49029202279202283
253.0 0.48986467236467235
253.2 0.48952991452991457
253.4 0.48918091168091166
253.6 0.48885327635327636
253.8 0.4885185185185186
254.0 0.4882051282051282
254.2 0.48784188034188036
254.4 0.48755698005698006
254.6 0.4872649572649573
254.8 0.48691595441595437
255.0 0.48664529914529914
255.2 0.4862891737891738
255.4 0.48594017094017095
255.6 0.4856267806267806
255.8 0.48524928774928777
256.0 0.48495726495726493
256.2 0.484494301994302
256.4 0.48412393162393164
256.6 0.4838034188034188
256.8 0.48346153846153844
257.0 0.48316951566951566
257.2 0.4828703703703704
257.4 0.4824928774928775
257.6 0.4822222222222222
257.8 0.4818589743589744
258.0 0.4815242165242165
258.2 0.48111111111111116
258.4 0.48083333333333333
258.6 0.48050569800569803
258.8 0.48022792022792027
259.0 0.47986467236467234
259.2 0.47952991452991456
259.4 0.4792165242165243
259.6 0.47884615384615387
259.8 0.47851851851851857
260.0 0.4782193732193732
260.2 0.47782763532763534
260.4 0.47745014245014245
260.6 0.4771082621082621
260.8 0.4768447293447294
261.0 0.476502849002849
261.2 0.4761609686609687
261.4 0.4758190883190883
261.6 0.47547008547008546
261.8 0.4750925925925926
262.0 0.4748148148148148
262.2 0.47444444444444445
262.4 0.4740811965811966
262.6 0.4737108262108262
262.8 0.4733333333333334
263.0 0.472977207977208
263.2 0.47261396011396006
263.4 0.47228632478632476
263.6 0.4719159544159544
263.8 0.4716239316239317
264.0 0.4712820512820513
264.2 0.4708689458689459
264.4 0.470477207977208
264.6 0.47015669515669517
264.8 0.46989316239316237
265.0 0.4695584045584046
265.2 0.46918091168091164
265.4 0.46885327635327634
265.6 0.4685327635327636
265.8 0.46828347578347573
266.0 0.4678988603988604
266.2 0.4675427350427351
266.4 0.4672364672364672
266.6 0.46692307692307694
266.8 0.46659544159544164
267.0 0.46626068376068375
267.2 0.46595441595441595
267.4 0.465548433048433
267.6 0.4651851851851852
267.8 0.46482193732193733
268.0 0.46452991452991454
268.2 0.4641239316239317
268.4 0.46372507122507123
268.6 0.46326210826210823
268.8 0.46297008547008545
269.0 0.4626709401709402
269.2 0.4622792022792023
269.4 0.4619017094017094
269.6 0.4614173789173789
269.8 0.46106125356125355
270.0 0.46071225071225075
270.2 0.4602920227920228
270.4 0.4599501424501425
270.6 0.459537037037037
270.8 0.4591737891737892
271.0 0.4588960113960114
271.2 0.45857549857549856
271.4 0.4582549857549858
271.6 0.4578846153846154
271.8 0.4575
272.0 0.45715099715099716
272.2 0.45683048433048434
272.4 0.45646011396011393
272.6 0.4560968660968661
272.8 0.45574786324786326
273.0 0.45539173789173787
273.2 0.4550071225071225
273.4 0.4547222222222222
273.6 0.4544301994301994
273.8 0.4540313390313391
274.0 0.4536965811965812
274.2 0.4533119658119658
274.4 0.45287749287749285
274.6 0.4525854700854701
274.8 0.45215099715099716
275.0 0.45175213675213677
275.2 0.45140313390313386
275.4 0.45106125356125354
275.6 0.45069088319088313
275.8 0.45035612535612535
276.0 0.44997150997151
276.2 0.4496438746438746
276.4 0.4491880341880342
276.6 0.4488532763532763
276.8 0.4485826210826211
277.0 0.4481980056980057
277.2 0.4478133903133903
277.4 0.4474501424501425
277.6 0.44710113960113956
277.8 0.4468162393162393
278.0 0.44651709401709405
278.2 0.4461538461538461
278.4 0.44584045584045584
278.6 0.44550569800569806
278.8 0.44519230769230766
279.0 0.44482905982905985
279.2 0.44445156695156696
279.4 0.44401709401709405
279.6 0.44366809116809114
279.8 0.4432905982905983
280.0 0.442977207977208
280.2 0.44265669515669515
280.4 0.4423361823361823
280.6 0.44198717948717947
280.8 0.44155270655270656
281.0 0.44106125356125353
281.2 0.44071225071225073
281.4 0.440448717948718
281.6 0.44015669515669514
281.8 0.4397863247863248
282.0 0.4394088319088319
282.2 0.4390669515669516
282.4 0.4387464387464387
282.6 0.43835470085470085
282.8 0.4380698005698006
283.0 0.43775641025641027
283.2 0.4375071225071225
283.4 0.4371937321937322
283.6 0.43677350427350425
283.8 0.4364529914529915
284.0 0.4361752136752137
284.2 0.4359045584045584
284.4 0.4354558404558404
284.6 0.43504273504273505
284.8 0.43460826210826214
285.0 0.4343304843304843
285.2 0.4339173789173789
285.4 0.43358974358974356
285.6 0.43328347578347576
285.8 0.4328703703703704
286.0 0.432485754985755
286.2 0.4321509971509972
286.4 0.43178774928774927
286.6 0.43146011396011397
286.8 0.43107549857549854
287.0 0.43072649572649574
287.2 0.43032051282051287
287.4 0.42997150997150996
287.6 0.42962962962962964
287.8 0.42923789173789173
288.0 0.4288888888888889
288.2 0.42846866096866093
288.4 0.42814102564102563
288.6 0.4277777777777778
288.8 0.42747150997150996
289.0 0.4271011396011396
289.2 0.4267022792022792
289.4 0.42635327635327636
289.6 0.42611111111111116
289.8 0.4256837606837607
290.0 0.42528490028490024
290.2 0.4249002849002849
290.4 0.42463675213675217
290.6 0.42434472934472933
290.8 0.424002849002849
291.0 0.4236823361823362
291.2 0.42327635327635327
291.4 0.4228917378917379
291.6 0.42248575498575497
291.8 0.4220584045584046
292.0 0.42166666666666663
292.2 0.42138888888888887
292.4 0.421025641025641
292.6 0.4206980056980057
292.8 0.4202635327635328
293.0 0.4198361823361823
293.2 0.41941595441595436
293.4 0.41907407407407404
293.6 0.4186823361823362
293.8 0.41839031339031335
294.0 0.41806267806267805
294.2 0.4177564102564103
294.4 0.4174786324786325
294.6 0.4170940170940171
294.8 0.4167236467236467
295.0 0.4164031339031339
295.2 0.4160541310541311
295.4 0.4156980056980057
295.6 0.4153133903133903
295.8 0.41504273504273503
296.0 0.41472934472934475
296.2 0.41428774928774925
296.4 0.41393874643874645
296.6 0.41359686609686613
296.8 0.4132122507122507
297.0 0.4128703703703704
297.2 0.4124216524216524
297.4 0.4121082621082621
297.6 0.41168091168091164
297.8 0.41127492877492877
298.0 0.4109686609686609
298.2 0.41068376068376067
298.4 0.4103133903133903
298.6 0.40996438746438746
298.8 0.40963675213675216
299.0 0.4093447293447294
299.2 0.40899572649572646
299.4 0.40856125356125356
299.6 0.40813390313390313
299.8 0.4077991452991453
300.0 0.40739316239316237
300.2 0.40702991452991455
300.4 0.40658119658119657
300.6 0.4061823361823362
300.8 0.4058333333333334
301.0 0.40548433048433047
301.2 0.40502849002849006
301.4 0.40465811965811965
301.6 0.4043732193732194
301.8 0.403988603988604
302.0 0.40363247863247864
302.2 0.4032549857549858
302.4 0.40282051282051284
302.6 0.402485754985755
302.8 0.40212250712250713
303.0 0.40180911680911685
303.2 0.401488603988604
303.4 0.40113247863247864
303.6 0.4007763532763533
303.8 0.40048433048433046
304.0 0.4001282051282051
304.2 0.39978632478632475
304.4 0.3994871794871795
304.6 0.3991737891737892
304.8 0.39883190883190883
305.0 0.39844729344729346
305.2 0.398048433048433
305.4 0.3975997150997151
305.6 0.3972578347578347
305.8 0.39693732193732195
306.0 0.396574074074074
306.2 0.3962321937321937
306.4 0.39587606837606837
306.6 0.39547008547008544
306.8 0.3951068376068376
307.0 0.3947222222222222
307.2 0.3942806267806268
307.4 0.3939529914529915
307.6 0.39351851851851855
307.8 0.3931410256410256
308.0 0.3927350427350427
308.2 0.3923789173789174
308.4 0.392008547008547
308.6 0.3916381766381766
308.8 0.3913390313390313
309.0 0.390997150997151
309.2 0.3906054131054131
309.4 0.39027065527065524
309.6 0.3897792022792023
309.8 0.3894230769230769
310.0 0.3891381766381766
310.2 0.3887820512820513
310.4 0.3884045584045584
310.6 0.38800569800569806
310.8 0.38762108262108264
311.0 0.38715811965811964
311.2 0.38674501424501423
311.4 0.3863603988603989
311.6 0.38601851851851854
311.8 0.3856837606837607
312.0 0.3852777777777778
312.2 0.3849287749287749
312.4 0.38457977207977206
312.6 0.3841951566951567
312.8 0.38390313390313385
313.0 0.38356125356125353
313.2 0.38322649572649575
313.4 0.38289173789173786
313.6 0.382514245014245
313.8 0.38215811965811963
314.0 0.3818233618233618
314.2 0.38138888888888883
314.4 0.38096866096866094
314.6 0.38052706552706556
314.8 0.38014957264957266
315.0 0.3797649572649573
315.2 0.37935185185185183
315.4 0.3789814814814815
315.6 0.3785826210826211
315.8 0.3782549857549858
316.0 0.37789173789173786
316.2 0.37744301994301993
316.4 0.37710826210826215
316.6 0.3768019943019943
316.8 0.3764529914529915
317.0 0.37614672364672364
317.2 0.3758262108262108
317.4 0.3755555555555556
317.6 0.37517094017094016
317.8 0.3747792022792023
318.0 0.37440170940170936
318.2 0.3740883190883191
318.4 0.3737393162393163
318.6 0.37335470085470085
318.8 0.37299145299145303
319.0 0.37259971509971507
319.2 0.37222222222222223
319.4 0.37195156695156695
319.6 0.37155270655270656
319.8 0.3711253561253561
320.0 0.3707549857549858
320.2 0.3703632478632478
320.4 0.370014245014245
320.6 0.369537037037037
320.8 0.3692307692307692
321.0 0.3688675213675214
321.2 0.36847578347578347
321.4 0.36806267806267806
321.6 0.36768518518518517
321.8 0.3672435897435897
322.0 0.3668732193732194
322.2 0.366502849002849
322.4 0.36609686609686615
322.6 0.3657692307692308
322.8 0.36542022792022794
323.0 0.36505698005698006
323.2 0.36462962962962964
323.4 0.3641737891737892
323.6 0.36385327635327636
323.8 0.3634330484330484
324.0 0.36309829059829063
324.2 0.36279202279202283
324.4 0.3623931623931624
324.6 0.36202279202279203
324.8 0.3616310541310541
325.0 0.36123931623931627
325.2 0.36092592592592593
325.4 0.36056267806267805
325.6 0.36017094017094015
325.8 0.3597934472934473
326.0 0.35948005698005703
326.2 0.3591025641025641
326.4 0.3587321937321937
326.6 0.3583262108262108
326.8 0.35804131054131055
327.0 0.35767094017094014
327.2 0.3573076923076923
327.4 0.3568803418803419
327.6 0.356488603988604
327.8 0.3560897435897436
328.0 0.3557122507122507
328.2 0.35542735042735046
328.4 0.3549786324786325
328.6 0.35452991452991456
328.8 0.3541168091168091
329.0 0.3536894586894587
329.2 0.35328347578347574
329.4 0.3528917378917379
329.6 0.35246438746438746
329.8 0.3520940170940171
330.0 0.3517521367521368
330.2 0.3513746438746439
330.4 0.3509472934472935
330.6 0.35050569800569803
330.8 0.35007834757834755
331.0 0.34976495726495727
331.2 0.3493019943019943
331.4 0.34894586894586893
331.6 0.34864672364672367
331.8 0.3482905982905983
332.0 0.3477920227920228
332.2 0.34747150997150994
332.4 0.3470584045584046
332.6 0.3467521367521368
332.8 0.3464031339031339
333.0 0.3460541310541311
333.2 0.3457193732193732
333.4 0.34530626780626783
333.6 0.3448860398860399
333.8 0.3444088319088319
334.0 0.344017094017094
334.2 0.3435826210826211
334.4 0.34314814814814815
334.6 0.3427065527065527
334.8 0.34239316239316236
335.0 0.3421296296296296
335.2 0.3417735042735043
335.4 0.3412678062678063
335.6 0.34092592592592597
335.8 0.34054131054131054
336.0 0.3402207977207977
336.2 0.3397435897435897
336.4 0.33936609686609687
336.6 0.339017094017094
336.8 0.3387179487179487
337.0 0.33832621082621084
337.2 0.33795584045584043
337.4 0.3375427350427351
337.6 0.33714387464387463
337.8 0.3367307692307692
338.0 0.33638888888888885
338.2 0.33603988603988605
338.4 0.33564814814814814
338.6 0.3352777777777778
338.8 0.33489316239316236
339.0 0.33447293447293447
339.2 0.334074074074074
339.4 0.3336894586894587
339.6 0.33331908831908835
339.8 0.3328846153846154
340.0 0.33251424501424504
340.2 0.33215811965811964
340.4 0.33183048433048434
340.6 0.33147435897435895
340.8 0.33111111111111113
341.0 0.3306339031339032
341.2 0.3302065527065527
341.4 0.32991452991452985
341.6 0.329537037037037
341.8 0.32920227920227924
342.0 0.32879629629629625
342.2 0.32841168091168094
342.4 0.32796296296296296
342.6 0.3276282051282051
342.8 0.3272649572649573
343.0 0.32693732193732195
343.2 0.3265669515669516
343.4 0.32618233618233616
343.6 0.3257905982905983
343.8 0.32536324786324783
344.0 0.3249643874643875
344.2 0.3246082621082621
344.4 0.3241381766381766
344.6 0.3237179487179487
344.8 0.32333333333333336
345.0 0.32299145299145304
345.2 0.32254273504273506
345.4 0.32217948717948713
345.6 0.32175925925925924
345.8 0.32141025641025645
346.0 0.32096866096866095
346.2 0.32065527065527066
346.4 0.3202777777777778
346.6 0.31984330484330487
346.8 0.3194871794871795
347.0 0.3190669515669516
347.2 0.3187250712250712
347.4 0.3183333333333333
347.6 0.317991452991453
347.8 0.31759971509971513
348.0 0.3172293447293447
348.2 0.3167592592592593
348.4 0.31641025641025644
348.6 0.3161039886039886
348.8 0.3157051282051282
349.0 0.3153062678062678
349.2 0.31485042735042734
349.4 0.31443019943019945
349.6 0.3140669515669516
349.8 0.31368233618233615
350.0 0.31326210826210826
350.2 0.3128988603988604
350.4 0.3124074074074074
350.6 0.31205840455840456
350.8 0.3117592592592593
351.0 0.3113960113960114
351.2 0.3109900284900285
351.4 0.31056980056980055
351.6 0.31011396011396014
351.8 0.3098219373219373
352.0 0.3094444444444444
352.2 0.30896011396011397
352.4 0.30855413105413104
352.6 0.30804843304843305
352.8 0.3076780626780627
353.0 0.3073005698005698
353.2 0.306980056980057
353.4 0.30655270655270656
353.6 0.3062037037037037
353.8 0.30585470085470085
354.0 0.3053988603988604
354.2 0.30500712250712253
354.4 0.30464387464387466
354.6 0.30424501424501427
354.8 0.3038888888888889
355.0 0.303468660968661
355.2 0.3031267806267806
355.4 0.30267094017094015
355.6 0.3022222222222222
355.8 0.30182336182336184
356.0 0.301502849002849
356.2 0.30111823361823364
356.4 0.3007336182336182
356.6 0.3003205128205128
356.8 0.2998931623931624
357.0 0.2994871794871795
357.2 0.29904558404558407
357.4 0.2986894586894587
357.6 0.29827635327635327
357.8 0.2979273504273504
358.0 0.2974786324786325
358.2 0.2971225071225071
358.4 0.29677350427350424
358.6 0.2963247863247863
358.8 0.29599715099715096
359.0 0.2956054131054131
359.2 0.2952635327635328
359.4 0.29492877492877495
359.6 0.294522792022792
359.8 0.29414529914529913
360.0 0.29378205128205126
360.2 0.293468660968661
360.4 0.29307692307692307
360.6 0.29259259259259257
360.8 0.29216524216524214
361.0 0.29178774928774925
361.2 0.2913817663817664
361.4 0.290982905982906
361.6 0.2905128205128205
361.8 0.2901851851851852
362.0 0.2897578347578348
362.2 0.28935897435897434
362.4 0.28897435897435897
362.6 0.2885683760683761
362.8 0.28816951566951565
363.0 0.2878133903133903
363.2 0.28744301994301996
363.4 0.2871082621082621
363.6 0.28673789173789177
363.8 0.28628205128205125
364.0 0.2859188034188034
364.2 0.28549145299145295
364.4 0.2850427350427351
364.6 0.28458689458689457
364.8 0.2842165242165242
365.0 0.2838888888888889
365.2 0.28345441595441595
365.4 0.28314102564102567
365.6 0.2827849002849003
365.8 0.2823646723646724
366.0 0.28201566951566953
366.2 0.2816310541310541
366.4 0.28126780626780623
366.6 0.28095441595441595
366.8 0.2805128205128205
367.0 0.28001424501424504
367.2 0.2795868945868946
367.4 0.2792022792022792
367.6 0.2788034188034188
367.8 0.2784757834757835
368.0 0.27812678062678065
368.2 0.2777920227920228
368.4 0.27732193732193733
368.6 0.27694444444444444
368.8 0.276488603988604
369.0 0.27614672364672366
369.2 0.27574074074074073
369.4 0.2752777777777778
369.6 0.27489316239316236
369.8 0.27444444444444444
370.0 0.27397435897435896
370.2 0.27357549857549857
370.4 0.2732051282051282
370.6 0.2728276353276353
370.8 0.27239316239316236
371.0 0.27194444444444443
371.2 0.27147435897435895
371.4 0.27108262108262104
371.6 0.2706908831908832
371.8 0.2703774928774929
372.0 0.27001424501424504
372.2 0.2696153846153846
372.4 0.2690811965811966
372.6 0.2687108262108262
372.8 0.26826923076923076
373.0 0.26783475783475785
373.2 0.26744301994301994
373.4 0.2671937321937322
373.6 0.26673789173789175
373.8 0.26625356125356126
374.0 0.2658831908831909
374.2 0.2655413105413105
374.4 0.26517806267806265
374.6 0.26475071225071223
374.8 0.26427350427350427
375.0 0.2639031339031339
375.2 0.2634401709401709
375.4 0.26304843304843306
375.6 0.2627136752136752
375.8 0.2624501424501425
376.0 0.2620156695156695
376.2 0.2616809116809117
376.4 0.26126068376068373
376.6 0.26084045584045584
376.8 0.260491452991453
377.0 0.26004273504273506
377.2 0.2597008547008547
377.4 0.2592663817663818
377.6 0.25886752136752134
377.8 0.258482905982906
378.0 0.2581125356125356
378.2 0.2576780626780627
378.4 0.2572720797720798
378.6 0.2568518518518519
378.8 0.25645299145299144
379.0 0.2560042735042735
379.2 0.25564102564102564
379.4 0.25533475783475784
379.6 0.25502849002849004
379.8 0.2546438746438746
380.0 0.25427350427350426
380.2 0.2538817663817664
380.4 0.25355413105413105
380.6 0.2531980056980057
380.8 0.25285612535612534
381.0 0.25245014245014247
381.2 0.25209401709401713
381.4 0.2517663817663818
381.6 0.251460113960114
381.8 0.25112535612535614
382.0 0.25066239316239314
382.2 0.2502849002849003
382.4 0.24993589743589745
382.6 0.24956552706552707
382.8 0.2492165242165242
383.0 0.2488105413105413
383.2 0.2484259259259259
383.4 0.24805555555555558
383.6 0.2476353276353276
383.8 0.24732905982905984
384.0 0.24702991452991452
384.2 0.24663817663817664
384.4 0.2462962962962963
384.6 0.24583333333333332
384.8 0.24542735042735042
385.0 0.24508547008547008
385.2 0.24464387464387463
385.4 0.24425213675213675
385.6 0.24371794871794872
385.8 0.24326210826210826
386.0 0.24295584045584045
386.2 0.24254273504273505
386.4 0.24224358974358975
386.6 0.24187321937321937
386.8 0.2415099715099715
387.0 0.24112535612535613
387.2 0.2408262108262108
387.4 0.24048433048433046
387.6 0.24006410256410254
387.8 0.23966524216524218
388.0 0.23915954415954416
388.2 0.23881766381766384
388.4 0.23842592592592593
388.6 0.2379985754985755
388.8 0.23762108262108264
389.0 0.23721509971509971
389.2 0.23680911680911682
389.4 0.23647435897435898
389.6 0.23606837606837608
389.8 0.23574074074074072
390.0 0.23535612535612535
390.2 0.23496438746438744
390.4 0.2345299145299145
390.6 0.2341737891737892
390.8 0.23373931623931626
391.0 0.23331196581196584
391.2 0.23301994301994303
391.4 0.23267806267806268
391.6 0.23232905982905983
391.8 0.23186609686609685
392.0 0.23146011396011396
392.2 0.23113960113960114
392.4 0.2307834757834758
392.6 0.23042735042735044
392.8 0.23013532763532762
393.0 0.2297792022792023
393.2 0.22938746438746438
393.4 0.2289957264957265
393.6 0.2286182336182336
393.8 0.2282905982905983
394.0 0.22795584045584047
394.2 0.22755698005698005
394.4 0.22723646723646723
394.6 0.2268091168091168
394.8 0.22648148148148148
395.0 0.2261894586894587
395.2 0.22586894586894588
395.4 0.22544871794871796
395.6 0.22502136752136753
395.8 0.22467236467236468
396.0 0.22434472934472935
396.2 0.22397435897435897
396.4 0.22356125356125356
396.6 0.22316239316239314
396.8 0.2227706552706553
397.0 0.22235754985754988
397.2 0.22202991452991452
397.4 0.22165954415954417
397.6 0.22133190883190884
397.8 0.22097578347578348
398.0 0.22067663817663818
398.2 0.2203774928774929
398.4 0.2199928774928775
398.6 0.21960826210826212
398.8 0.21925213675213676
399.0 0.2189102564102564
399.2 0.218511396011396
399.4 0.21806267806267804
399.6 0.2177279202279202
399.8 0.21731481481481482
400.0 0.21698005698005698
400.2 0.2166168091168091
400.4 0.21624643874643876
400.6 0.2159259259259259
400.8 0.215505698005698
401.0 0.21503561253561254
401.2 0.21464387464387463
401.4 0.2142022792022792
401.6 0.21382478632478633
401.8 0.21353276353276354
402.0 0.21314102564102566
402.2 0.21274216524216524
402.4 0.2124002849002849
402.6 0.21202279202279203
402.8 0.2116809116809117
403.0 0.2112037037037037
403.2 0.21086182336182335
403.4 0.21044159544159544
403.6 0.21008547008547007
403.8 0.20975071225071226
404.0 0.209494301994302
404.2 0.209017094017094
404.4 0.20866809116809115
404.6 0.20841168091168089
404.8 0.20808404558404558
405.0 0.20770655270655272
405.2 0.20735754985754987
405.4 0.20703703703703702
405.6 0.20666666666666667
405.8 0.20630341880341882
406.0 0.20589743589743592
406.2 0.20557692307692307
406.4 0.2052920227920228
406.6 0.20492165242165242
406.8 0.20445868945868945
407.0 0.2041239316239316
407.2 0.20374643874643877
407.4 0.20334045584045582
407.6 0.2029202279202279
407.8 0.20254985754985755
408.0 0.2021866096866097
408.2 0.20185897435897435
408.4 0.20141025641025642
408.6 0.2010042735042735
408.8 0.20057692307692307
409.0 0.2002207977207977
409.2 0.1999216524216524
409.4 0.19950854700854703
409.6 0.1991809116809117
409.8 0.19884615384615384
410.0 0.1985185185185185
410.2 0.19811965811965812
410.4 0.19778490028490028
410.6 0.1974074074074074
410.8 0.197037037037037
411.0 0.19671652421652422
411.2 0.19626780626780627
411.4 0.19596866096866097
411.6 0.1955982905982906
411.8 0.19524928774928774
412.0 0.19487179487179485
412.2 0.1945940170940171
412.4 0.1941809116809117
412.6 0.19381766381766383
412.8 0.19343304843304843
413.0 0.19297008547008548
413.2 0.19256410256410256
413.4 0.19222934472934472
413.6 0.19188034188034186
413.8 0.19150997150997148
414.0 0.19109686609686607
414.2 0.19070512820512822
414.4 0.19029914529914532
414.6 0.18992877492877494
414.8 0.1895940170940171
415.0 0.18919515669515669
415.2 0.18882478632478633
415.4 0.18848290598290598
415.6 0.1881054131054131
415.8 0.18771367521367524
416.0 0.18735042735042737
416.2 0.18700854700854702
416.4 0.1867094017094017
416.6 0.18638176638176637
416.8 0.1860897435897436
417.0 0.18583333333333332
417.2 0.18549145299145298
417.4 0.1850925925925926
417.6 0.1848005698005698
417.8 0.18443732193732196
418.0 0.18406695156695158
418.2 0.18364672364672366
418.4 0.18317663817663818
418.6 0.18283475783475783
418.8 0.1825071225071225
419.0 0.1822222222222222
419.2 0.18184472934472937
419.4 0.18146723646723648
419.6 0.1811111111111111
419.8 0.18078347578347578
420.0 0.180505698005698
420.2 0.18023504273504273
420.4 0.17992877492877493
420.6 0.17964387464387463
420.8 0.17933760683760686
421.0 0.17902421652421652
421.2 0.17866809116809115
421.4 0.1783262108262108
421.6 0.177962962962963
421.8 0.17762108262108264
422.0 0.1772792022792023
422.2 0.1768874643874644
422.4 0.1765811965811966
422.6 0.17626068376068374
422.8 0.17593304843304844
423.0 0.17544871794871797
423.2 0.17504273504273507
423.4 0.1748005698005698
423.6 0.17444444444444443
423.8 0.1741168091168091
424.0 0.17376780626780625
424.2 0.173497150997151
424.4 0.17316239316239315
424.6 0.17275641025641025
424.8 0.17234330484330485
425.0 0.171994301994302
425.2 0.17163105413105412
425.4 0.17130341880341882
425.6 0.1711039886039886
425.8 0.17078347578347577
426.0 0.17044871794871796
426.2 0.17015669515669515
426.4 0.16976495726495727
426.6 0.1694017094017094
426.8 0.16908119658119658
427.0 0.16873931623931626
427.2 0.16846153846153847
427.4 0.16813390313390314
427.6 0.16777777777777778
427.8 0.16746438746438744
428.0 0.16713675213675214
428.2 0.16683048433048434
428.4 0.16648148148148148
428.6 0.1661182336182336
428.8 0.16584045584045584
429.0 0.1654700854700855
429.2 0.16501424501424503
429.4 0.16465811965811966
429.6 0.16426638176638178
429.8 0.16398148148148148
430.0 0.1636609686609687
430.2 0.1633190883190883
430.4 0.16292735042735043
430.6 0.16264957264957264
430.8 0.16228632478632476
431.0 0.16195156695156693
431.2 0.16163817663817664
431.4 0.16128205128205128
431.6 0.16083333333333333
431.8 0.1605128205128205
432.0 0.16016381766381765
432.2 0.1597863247863248
432.4 0.15937321937321938
432.6 0.15908831908831908
432.8 0.1587037037037037
433.0 0.1583119658119658
433.2 0.15789173789173788
433.4 0.15753561253561255
433.6 0.15725071225071224
433.8 0.15692307692307692
434.0 0.15655270655270656
434.2 0.15621082621082621
434.4 0.1558903133903134
434.6 0.1554985754985755
434.8 0.1552136752136752
435.0 0.15486467236467236
435.2 0.1545014245014245
435.4 0.15413105413105413
435.6 0.15383903133903135
435.8 0.153497150997151
436.0 0.15315527065527065
436.2 0.15275641025641026
436.4 0.15245014245014243
436.6 0.15223646723646722
436.8 0.15197293447293447
437.0 0.1517165242165242
437.2 0.15146723646723648
437.4 0.15118945868945868
437.6 0.15083333333333335
437.8 0.1505128205128205
438.0 0.15013532763532764
438.2 0.14982905982905984
438.4 0.14947293447293447
438.6 0.14912393162393162
438.8 0.14878205128205127
439.0 0.148468660968661
439.2 0.14814102564102563
439.4 0.14782051282051284
439.6 0.14746438746438748
439.8 0.1471082621082621
440.0 0.1468019943019943
440.2 0.14649572649572648
440.4 0.14623931623931624
440.6 0.1458974358974359
440.8 0.1455982905982906
441.0 0.14527777777777778
441.2 0.14495726495726496
441.4 0.14461538461538462
441.6 0.14430911680911682
441.8 0.14398860398860397
442.0 0.14366096866096867
442.2 0.1433760683760684
442.4 0.14304843304843304
442.6 0.1427920227920228
442.8 0.14249287749287748
443.0 0.14224358974358975
443.2 0.14183048433048434
443.4 0.14153846153846153
443.6 0.1412891737891738
443.8 0.14099002849002848
444.0 0.14068376068376068
444.2 0.14030626780626781
444.4 0.14002136752136754
444.6 0.13968660968660968
444.8 0.13938746438746438
445.0 0.13905982905982905
445.2 0.1387820512820513
445.4 0.13846153846153847
445.6 0.13805555555555554
445.8 0.13777777777777778
446.0 0.13745726495726496
446.2 0.1372079772079772
446.4 0.13696581196581195
446.6 0.1366025641025641
446.8 0.13626068376068376
447.0 0.13595441595441596
447.2 0.13554131054131052
447.4 0.13516381766381766
447.6 0.13482905982905982
447.8 0.13448005698005697
448.0 0.13415242165242167
448.2 0.1339031339031339
448.4 0.1336894586894587
448.6 0.13336182336182337
448.8 0.13306267806267807
449.0 0.13273504273504275
449.2 0.13246438746438746
449.4 0.13212250712250712
449.6 0.13175925925925924
449.8 0.13153846153846152
450.0 0.13127492877492877
450.2 0.13096153846153846
450.4 0.13067663817663816
450.6 0.13034188034188035
450.8 0.13003561253561252
451.0 0.1297008547008547
451.2 0.12936609686609687
451.4 0.12911680911680912
451.6 0.1289031339031339
451.8 0.12857549857549858
452.0 0.12825498575498576
452.2 0.12796296296296295
452.4 0.12765669515669514
452.6 0.1273860398860399
452.8 0.12713675213675213
453.0 0.12682336182336182
453.2 0.12656695156695158
453.4 0.12631766381766382
453.6 0.1259900284900285
453.8 0.12575498575498575
454.0 0.1254131054131054
454.2 0.12512108262108262
454.4 0.12476495726495726
454.6 0.1244871794871795
454.8 0.1242094017094017
455.0 0.12396011396011396
455.2 0.12368945868945869
455.4 0.12333333333333334
455.6 0.12293447293447293
455.8 0.1225925925925926
456.0 0.12232905982905982
456.2 0.12206552706552706
456.4 0.12171652421652421
456.6 0.1213888888888889
456.8 0.12106837606837606
457.0 0.12076923076923077
457.2 0.1204985754985755
457.4 0.12015669515669515
457.6 0.1198076923076923
457.8 0.11943732193732194
458.0 0.11917378917378917
458.2 0.11886752136752136
458.4 0.11858262108262109
458.6 0.11827635327635327
458.8 0.1178988603988604
459.0 0.11762820512820513
459.2 0.11735754985754986
459.4 0.11703703703703704
459.6 0.11677350427350427
459.8 0.11646011396011396
460.0 0.1160968660968661
460.2 0.11579059829059829
460.4 0.11540598290598292
460.6 0.1150925925925926
460.8 0.1147934472934473
461.0 0.11457977207977209
461.2 0.1143019943019943
461.4 0.11398148148148149
461.6 0.11368945868945868
461.8 0.11345441595441595
462.0 0.11317663817663817
462.2 0.11292735042735043
462.4 0.11254985754985755
462.6 0.11231481481481481
462.8 0.1120868945868946
463.0 0.11187321937321938
463.2 0.11158119658119657
463.4 0.11140313390313389
463.6 0.11108262108262108
463.8 0.1107977207977208
464.0 0.11051994301994301
464.2 0.11025641025641025
464.4 0.1099074074074074
464.6 0.10963675213675213
464.8 0.10937321937321938
465.0 0.10902421652421652
465.2 0.10876068376068376
465.4 0.10854700854700855
465.6 0.10826210826210826
465.8 0.10794871794871795
466.0 0.10755698005698006
466.2 0.10726495726495726
466.4 0.10703703703703704
466.6 0.10673789173789175
466.8 0.10648148148148148
467.0 0.10615384615384615
467.2 0.1058831908831909
467.4 0.10565527065527065
467.6 0.10542022792022791
467.8 0.10513532763532764
468.0 0.10476495726495726
468.2 0.10444444444444445
468.4 0.10423076923076924
468.6 0.10393162393162393
468.8 0.10367521367521368
469.0 0.10348290598290598
469.2 0.10321225071225071
469.4 0.10303418803418804
469.6 0.10274928774928775
469.8 0.1025
470.0 0.10220797720797721
470.2 0.10191595441595443
470.4 0.1016168091168091
470.6 0.10133903133903134
470.8 0.1010968660968661
471.0 0.1008048433048433
471.2 0.10055555555555555
471.4 0.10036324786324786
471.6 0.1000997150997151
471.8 0.0997934472934473
472.0 0.09953703703703703
472.2 0.09934472934472934
472.4 0.09905982905982906
472.6 0.0987962962962963
472.8 0.0985897435897436
473.0 0.09831196581196582
473.2 0.09805555555555555
473.4 0.09777777777777778
473.6 0.09747150997150998
473.8 0.09725071225071226
474.0 0.09698005698005698
474.2 0.0967094017094017
474.4 0.09651709401709402
474.6 0.09627492877492877
474.8 0.09603988603988604
475.0 0.09573361823361823
475.2 0.09553418803418805
475.4 0.0952991452991453
475.6 0.09510683760683762
475.8 0.09487891737891738
476.0 0.0946011396011396
476.2 0.09435897435897436
476.4 0.09412393162393162
476.6 0.09385327635327637
476.8 0.09364672364672363
477.0 0.09339743589743589
477.2 0.09316239316239316
477.4 0.09284900284900285
477.6 0.09258547008547008
477.8 0.09235754985754985
478.0 0.09211538461538461
478.2 0.09187321937321938
478.4 0.09163105413105413
478.6 0.09143162393162393
478.8 0.09118945868945869
479.0 0.09095441595441596
479.2 0.09062678062678062
479.4 0.09032051282051283
479.6 0.09011396011396011
479.8 0.08985754985754985
480.0 0.08962250712250713
480.2 0.08942307692307691
480.4 0.08913105413105413
480.6 0.0889031339031339
480.8 0.08872507122507123
481.0 0.08846866096866098
481.2 0.08827635327635328
481.4 0.088005698005698
481.6 0.08777777777777779
481.8 0.08763532763532764
482.0 0.08739316239316239
482.2 0.08717948717948718
482.4 0.08691595441595443
482.6 0.08674501424501425
482.8 0.08650997150997151
483.0 0.08623219373219372
483.2 0.0860042735042735
483.4 0.08575498575498575
483.6 0.08556980056980057
483.8 0.08529202279202279
484.0 0.08502849002849003
484.2 0.08482193732193732
484.4 0.0846011396011396
484.6 0.08438746438746439
484.8 0.08414529914529915
485.0 0.08386752136752136
485.2 0.08364672364672364
485.4 0.08334757834757835
485.6 0.08313390313390313
485.8 0.0828917378917379
486.0 0.08264957264957266
486.2 0.08245014245014244
486.4 0.0822008547008547
486.6 0.08195156695156695
486.8 0.08173789173789174
487.0 0.08153133903133902
487.2 0.0812962962962963
487.4 0.08102564102564103
487.6 0.08070512820512821
487.8 0.08045584045584045
488.0 0.08026353276353276
488.2 0.08004985754985755
488.4 0.07987179487179487
488.6 0.07957977207977207
488.8 0.07937321937321937
489.0 0.07907407407407407
489.2 0.07887464387464388
489.4 0.07866809116809118
489.6 0.0783903133903134
489.8 0.07816951566951567
490.0 0.07797720797720797
490.2 0.07774928774928774
490.4 0.0775
490.6 0.07725783475783475
490.8 0.07701566951566952
491.0 0.07678774928774929
491.2 0.07653846153846154
491.4 0.0763034188034188
491.6 0.07606837606837606
491.8 0.07585470085470085
492.0 0.07563390313390314
492.2 0.07546296296296297
492.4 0.07524216524216525
492.6 0.0750071225071225
492.8 0.0748005698005698
493.0 0.07462250712250712
493.2 0.07442307692307693
493.4 0.07424501424501424
493.6 0.07400997150997152
493.8 0.07380341880341881
494.0 0.07353988603988604
494.2 0.07334045584045584
494.4 0.07316951566951567
494.6 0.07294871794871795
494.8 0.07273504273504273
495.0 0.07247150997150997
495.2 0.07227207977207978
495.4 0.07204415954415955
495.6 0.07183048433048433
495.8 0.07162393162393163
496.0 0.07142450142450142
496.2 0.07119658119658119
496.4 0.07101139601139601
496.6 0.07082621082621082
496.8 0.07058404558404559
497.0 0.07035612535612536
497.2 0.07009971509971509
497.4 0.0699074074074074
497.6 0.06966524216524217
497.8 0.06943732193732194
498.0 0.06923076923076923
498.2 0.06904558404558404
498.4 0.0687962962962963
498.6 0.06857549857549858
498.8 0.06838319088319088
499.0 0.06815527065527066
499.2 0.06797720797720798
499.4 0.06779202279202279
499.6 0.06757122507122508
499.8 0.06732193732193732
500.0 0.06713675213675213
500.2 0.0669088319088319
500.4 0.06673076923076923
500.6 0.06652421652421653
500.8 0.06634615384615385
501.0 0.06612535612535612
501.2 0.06594729344729344
501.4 0.0656980056980057
501.6 0.06551994301994302
501.8 0.06531339031339031
502.0 0.06507834757834757
502.2 0.06482905982905983
502.4 0.06465099715099715
502.6 0.0645014245014245
502.8 0.06426638176638176
503.0 0.06405270655270655
503.2 0.06389601139601139
503.4 0.06365384615384614
503.6 0.06344729344729344
503.8 0.06325498575498575
504.0 0.06304843304843305
504.2 0.06289886039886039
504.4 0.0626068376068376
504.6 0.06237891737891738
504.8 0.0622008547008547
505.0 0.06201566951566951
505.2 0.06185185185185185
505.4 0.06175925925925926
505.6 0.061524216524216524
505.8 0.06133190883190883
506.0 0.06113247863247863
506.2 0.060954415954415954
506.4 0.06074786324786324
506.6 0.060548433048433055
506.8 0.0602991452991453
507.0 0.060121082621082615
507.2 0.05992165242165243
507.4 0.059750712250712254
507.6 0.05958689458689458
507.8 0.059423076923076926
508.0 0.0592948717948718
508.2 0.059145299145299146
508.4 0.058917378917378915
508.6 0.05873931623931623
508.8 0.05856837606837607
509.0 0.05841168091168091
509.2 0.0581980056980057
509.4 0.058055555555555555
509.6 0.05791310541310542
509.8 0.057749287749287746
510.0 0.05760683760683761
510.2 0.057393162393162396
510.4 0.0572008547008547
510.6 0.05705840455840455
510.8 0.056887464387464386
511.0 0.05671652421652421
511.2 0.05651709401709402
511.4 0.05636039886039886
511.6 0.0562037037037037
511.8 0.05601851851851852
512.0 0.05584045584045584
512.2 0.0555911680911681
512.4 0.055448717948717946
512.6 0.05530626780626781
512.8 0.05508547008547009
513.0 0.05494301994301995
513.2 0.05477920227920228
513.4 0.054615384615384614
513.6 0.05443732193732194
513.8 0.054252136752136755
514.0 0.053974358974358976
514.2 0.05385327635327635
514.4 0.05367521367521367
514.6 0.053468660968660965
514.8 0.05331196581196581
515.0 0.053183760683760684
515.2 0.053062678062678066
515.4 0.05291310541310541
515.6 0.05272079772079772
515.8 0.05252136752136752
516.0 0.05238603988603988
516.2 0.052215099715099716
516.4 0.05208689458689458
516.6 0.05195156695156695
516.8 0.0517948717948718
517.0 0.05163105413105413
517.2 0.05145299145299145
517.4 0.05124643874643874
517.6 0.0510042735042735
517.8 0.050854700854700854
518.0 0.05066951566951567
518.2 0.05047720797720798
518.4 0.05035612535612535
518.6 0.050199430199430205
518.8 0.05006410256410256
519.0 0.04990740740740741
519.2 0.0497008547008547
519.4 0.04955128205128205
519.6 0.049394586894586895
519.8 0.04926638176638177
520.0 0.049095441595441595
520.2 0.04896011396011396
520.4 0.048796296296296296
520.6 0.04866096866096866
520.8 0.04848290598290598
521.0 0.04832621082621083
521.2 0.04817663817663818
521.4 0.04802706552706553
521.6 0.04788461538461539
521.8 0.04777777777777778
522.0 0.04754985754985755
522.2 0.047414529914529914
522.4 0.04723646723646723
522.6 0.047101139601139604
522.8 0.046908831908831904
523.0 0.04675925925925926
523.2 0.04655270655270655
523.4 0.04642450142450143
523.6 0.04626068376068376
523.8 0.04611111111111111
524.0 0.04597578347578348
524.2 0.04584045584045584
524.4 0.04573361823361823
524.6 0.0455982905982906
524.8 0.04543447293447293
525.0 0.04532051282051282
525.2 0.04517094017094017
525.4 0.04503561253561253
525.6 0.04487179487179487
525.8 0.0447008547008547
526.0 0.04457264957264957
526.2 0.04441595441595442
526.4 0.04431623931623932
526.6 0.04408119658119659
526.8 0.043938746438746436
527.0 0.0437962962962963
527.2 0.043618233618233616
527.4 0.043418803418803414
527.6 0.043262108262108266
527.8 0.04314814814814815
528.0 0.043005698005698006
528.2 0.04280626780626781
528.4 0.04265669515669516
528.6 0.04254273504273504
528.8 0.042378917378917386
529.0 0.042193732193732195
529.2 0.04200854700854701
529.4 0.04186609686609686
529.6 0.04175213675213676
529.8 0.041623931623931625
530.0 0.041502849002849
530.2 0.04138176638176638
530.4 0.0412037037037037
530.6 0.04099002849002849
530.8 0.04087606837606837
531.0 0.040762108262108264
531.2 0.04064102564102564
531.4 0.040470085470085466
531.6 0.04034900284900285
531.8 0.040227920227920225
532.0 0.040113960113960116
532.2 0.03999287749287749
532.4 0.03975783475783476
532.6 0.039622507122507124
532.8 0.03953703703703704
533.0 0.0394017094017094
533.2 0.039294871794871795
533.4 0.03912393162393162
533.6 0.039017094017094016
533.8 0.03881766381766382
534.0 0.03867521367521368
534.2 0.03855413105413105
534.4 0.03837606837606838
534.6 0.03822649572649573
534.8 0.038133903133903135
535.0 0.03806267806267807
535.2 0.037948717948717944
535.4 0.03782763532763533
535.6 0.037656695156695154
535.8 0.0374928774928775
536.0 0.03740740740740741
536.2 0.037286324786324786
536.4 0.03714387464387464
536.6 0.036987179487179486
536.8 0.03686609686609687
537.0 0.03673076923076923
537.2 0.0366025641025641
537.4 0.036517094017094014
537.6 0.036403133903133905
537.8 0.03624643874643874
538.0 0.036103988603988606
538.2 0.035947293447293444
538.4 0.035826210826210826
538.6 0.03571937321937322
538.8 0.03564102564102564
539.0 0.03548433048433049
539.2 0.035356125356125354
539.4 0.03518518518518519
539.6 0.03502136752136752
539.8 0.0349002849002849
540.0 0.034743589743589744
540.2 0.03463675213675214
540.4 0.0345014245014245
540.6 0.034387464387464386
540.8 0.03428062678062678
541.0 0.03405982905982906
541.2 0.03392450142450142
541.4 0.03378205128205128
541.6 0.03366809116809117
541.8 0.033525641025641026
542.0 0.03338319088319088
542.2 0.03324074074074074
542.4 0.03314102564102564
542.6 0.03301994301994302
542.8 0.03285612535612536
543.0 0.032735042735042734
543.2 0.032642450142450145
543.4 0.03252136752136752
543.6 0.03237891737891738
543.8 0.03221509971509971
544.0 0.032108262108262106
544.2 0.03196581196581197
544.4 0.031858974358974355
544.6 0.03175925925925926
544.8 0.03163105413105413
545.0 0.03144586894586895
545.2 0.031289173789173785
545.4 0.031175213675213677
545.6 0.031082621082621085
545.8 0.03096866096866097
546.0 0.030861823361823363
546.2 0.030733618233618233
546.4 0.030612535612535612
546.6 0.0304985754985755
546.8 0.030377492877492876
547.0 0.030235042735042735
547.2 0.03012820512820513
547.4 0.030021367521367522
547.6 0.029900284900284898
547.8 0.029757834757834757
548.0 0.029686609686609685
548.2 0.029608262108262107
548.4 0.029472934472934472
548.6 0.029337606837606837
548.8 0.029223646723646725
549.0 0.0291025641025641
549.2 0.028995726495726494
549.4 0.028881766381766382
549.6 0.028732193732193732
549.8 0.02864672364672365
550.0 0.02853276353276353
550.2 0.028383190883190884
550.4 0.028233618233618234
550.6 0.028098290598290596
550.8 0.027998575498575498
551.0 0.027870370370370372
551.2 0.027777777777777776
551.4 0.02764957264957265
551.6 0.027492877492877495
551.8 0.0274002849002849
552.0 0.027307692307692307
552.2 0.027207977207977206
552.4 0.027065527065527065
552.6 0.026944444444444448
552.8 0.02678062678062678
553.0 0.026688034188034185
553.2 0.02658119658119658
553.4 0.026438746438746438
553.6 0.02635327635327635
553.8 0.026246438746438745
554.0 0.026132478632478633
554.2 0.025997150997150994
554.4 0.0258974358974359
554.6 0.025840455840455842
554.8 0.025733618233618236
555.0 0.02559116809116809
555.2 0.02551282051282051
555.4 0.025427350427350427
555.6 0.025277777777777777
555.8 0.025163817663817666
556.0 0.025028490028490027
556.2 0.02492877492877493
556.4 0.024821937321937323
556.6 0.024707977207977207
556.8 0.024608262108262106
557.0 0.02448717948717949
557.2 0.02435185185185185
557.4 0.024245014245014244
557.6 0.024102564102564103
557.8 0.024002849002849005
558.0 0.023896011396011396
558.2 0.023767806267806266
558.4 0.023682336182336183
558.6 0.023525641025641027
558.8 0.02344017094017094
559.0 0.023347578347578345
559.2 0.02329059829059829
559.4 0.023212250712250714
559.6 0.02309116809116809
559.8 0.02301282051282051
560.0 0.022934472934472937
560.2 0.0227991452991453
560.4 0.022713675213675212
560.6 0.02262820512820513
560.8 0.0225
561.0 0.022414529914529916
561.2 0.022272079772079772
561.4 0.02217236467236467
561.6 0.02207977207977208
561.8 0.021958689458689458
562.0 0.021858974358974357
562.2 0.02175213675213675
562.4 0.021652421652421653
562.6 0.021524216524216527
562.8 0.021445868945868946
563.0 0.02133190883190883
563.2 0.02116809116809117
563.4 0.021075498575498574
563.6 0.020961538461538462
563.8 0.020883190883190884
564.0 0.020776353276353278
564.2 0.020648148148148148
564.4 0.0204985754985755
564.6 0.020363247863247863
564.8 0.020284900284900285
565.0 0.0201994301994302
565.2 0.02007122507122507
565.4 0.01997150997150997
565.6 0.01987179487179487
565.8 0.019764957264957264
566.0 0.019686609686609687
566.2 0.019594017094017094
566.4 0.019522792022792022
566.6 0.019465811965811965
566.8 0.019394586894586893
567.0 0.019287749287749286
567.2 0.01918803418803419
567.4 0.019109686609686607
567.6 0.019024216524216524
567.8 0.018924501424501427
568.0 0.01881054131054131
568.2 0.01874643874643875
568.4 0.018625356125356124
568.6 0.018532763532763532
568.8 0.018461538461538463
569.0 0.01836894586894587
569.2 0.018283475783475785
569.4 0.018205128205128204
569.6 0.01814102564102564
569.8 0.018041310541310543
570.0 0.017984330484330485
570.2 0.017913105413105413
570.4 0.017827635327635327
570.6 0.01767094017094017
570.8 0.017628205128205128
571.0 0.017578347578347576
571.2 0.0175
571.4 0.01742877492877493
571.6 0.017343304843304843
571.8 0.01725071225071225
572.0 0.017143874643874644
572.2 0.017072649572649572
572.4 0.01702991452991453
572.6 0.016972934472934475
572.8 0.016894586894586894
573.0 0.016809116809116807
573.2 0.016723646723646724
573.4 0.01660968660968661
573.6 0.016502849002849002
573.8 0.01646011396011396
574.0 0.01638176638176638
574.2 0.01628205128205128
574.4 0.016225071225071226
574.6 0.016146723646723645
574.8 0.016075498575498573
575.0 0.016025641025641028
575.2 0.01594017094017094
575.4 0.015876068376068374
575.6 0.01583333333333333
575.8 0.015797720797720797
576.0 0.015726495726495725
576.2 0.01564102564102564
576.4 0.015555555555555555
576.6 0.015512820512820514
576.8 0.015448717948717949
577.0 0.015384615384615385
577.2 0.015292022792022792
577.4 0.015235042735042734
577.6 0.015178062678062678
577.8 0.015113960113960115
578.0 0.015064102564102564
578.2 0.015
578.4 0.014950142450142449
578.6 0.014893162393162393
578.8 0.014878917378917379
579.0 0.014786324786324787
579.2 0.014707977207977207
579.4 0.014650997150997151
579.6 0.014586894586894588
579.8 0.014529914529914529
580.0 0.014451566951566953
580.2 0.014351851851851852
580.4 0.014294871794871796
580.6 0.01420940170940171
580.8 0.014152421652421652
581.0 0.014066951566951567
581.2 0.01400997150997151
581.4 0.013945868945868946
581.6 0.013853276353276354
581.8 0.013774928774928774
582.0 0.013703703703703704
582.2 0.013625356125356125
582.4 0.013554131054131053
582.6 0.013504273504273506
582.8 0.013454415954415955
583.0 0.013397435897435896
583.2 0.01334045584045584
583.4 0.01329059829059829
583.6 0.013212250712250713
583.8 0.013155270655270654
584.0 0.013105413105413107
584.2 0.013055555555555556
584.4 0.012991452991452991
584.6 0.012962962962962963
584.8 0.012934472934472934
585.0 0.012863247863247863
585.2 0.012834757834757834
585.4 0.012777777777777777
585.6 0.012678062678062678
585.8 0.012628205128205127
586.0 0.012564102564102564
586.2 0.012514245014245013
586.4 0.012435897435897436
586.6 0.012400284900284901
586.8 0.012357549857549856
587.0 0.012293447293447293
587.2 0.012215099715099716
587.4 0.012193732193732194
587.6 0.0121011396011396
587.8 0.012044159544159544
588.0 0.011980056980056981
588.2 0.011894586894586895
588.4 0.011866096866096867
588.6 0.011823361823361824
588.8 0.011752136752136752
589.0 0.011702279202279202
589.2 0.011645299145299146
589.4 0.011602564102564104
589.6 0.011574074074074075
589.8 0.01150997150997151
590.0 0.011474358974358974
590.2 0.011381766381766382
590.4 0.011303418803418803
590.6 0.011253561253561252
590.8 0.01123219373219373
591.0 0.011175213675213675
591.2 0.011125356125356124
591.4 0.011082621082621083
591.6 0.01103988603988604
591.8 0.011004273504273505
592.0 0.010961538461538462
592.2 0.010925925925925926
592.4 0.010876068376068375
592.6 0.010804843304843305
592.8 0.010726495726495726
593.0 0.010676638176638175
593.2 0.010662393162393162
593.4 0.010612535612535612
593.6 0.010548433048433049
593.8 0.010512820512820513
594.0 0.010498575498575498
594.2 0.010441595441595442
594.4 0.010413105413105412
594.6 0.010363247863247865
594.8 0.010292022792022792
595.0 0.010242165242165242
595.2 0.010199430199430199
595.4 0.010128205128205128
595.6 0.010085470085470085
595.8 0.010064102564102563
596.0 0.010021367521367522
596.2 0.009978632478632479
596.4 0.009935897435897435
596.6 0.009857549857549858
596.8 0.009807692307692307
597.0 0.009772079772079773
597.2 0.009750712250712251
597.4 0.009686609686609686
597.6 0.009643874643874643
597.8 0.009594017094017094
598.0 0.009558404558404558
598.2 0.009508547008547008
598.4 0.009451566951566952
598.6 0.009437321937321937
598.8 0.009394586894586894
599.0 0.009330484330484331
599.2 0.009301994301994302
599.4 0.009252136752136753
599.6 0.009195156695156696
599.8 0.009152421652421652
600.0 0.009123931623931623
600.2 0.009088319088319087
600.4 0.00905982905982906
600.6 0.008995726495726495
600.8 0.008917378917378918
601.0 0.008867521367521367
601.2 0.008839031339031338
601.4 0.008810541310541311
601.6 0.008782051282051282
601.8 0.008732193732193732
602.0 0.008660968660968662
602.2 0.008618233618233618
602.4 0.008575498575498575
602.6 0.008525641025641024
602.8 0.008511396011396012
603.0 0.008468660968660969
603.2 0.008411680911680913
603.4 0.00836894586894587
603.6 0.008333333333333333
603.8 0.008283475783475783
604.0 0.008233618233618234
604.2 0.008212250712250712
604.4 0.008176638176638176
604.6 0.008133903133903135
604.8 0.008084045584045584
605.0 0.008041310541310541
605.2 0.007991452991452992
605.4 0.007934472934472935
605.6 0.007891737891737893
605.8 0.007856125356125357
606.0 0.00782051282051282
606.2 0.007799145299145299
606.4 0.007727920227920227
606.6 0.007656695156695157
606.8 0.007635327635327636
607.0 0.0075997150997151
607.2 0.007564102564102564
607.4 0.007521367521367521
607.6 0.0074643874643874645
607.8 0.007407407407407407
608.0 0.007378917378917379
608.2 0.007336182336182336
608.4 0.007293447293447294
608.6 0.00727920227920228
608.8 0.007222222222222222
609.0 0.0071794871794871795
609.2 0.007122507122507123
609.4 0.007072649572649573
609.6 0.007037037037037037
609.8 0.0069871794871794865
610.0 0.006937321937321938
610.2 0.006901709401709402
610.4 0.006837606837606838
610.6 0.006794871794871795
610.8 0.006759259259259259
611.0 0.006716524216524217
611.2 0.006673789173789174
611.4 0.006623931623931624
611.6 0.006574074074074074
611.8 0.006531339031339032
612.0 0.006481481481481481
612.2 0.006410256410256411
612.4 0.006353276353276354
612.6 0.006324786324786324
612.8 0.00626068376068376
613.0 0.006232193732193732
613.2 0.006196581196581197
613.4 0.006182336182336182
613.6 0.006153846153846154
613.8 0.006103988603988603
614.0 0.006089743589743589
614.2 0.0060470085470085465
614.4 0.006011396011396012
614.6 0.005975783475783476
614.8 0.00594017094017094
615.0 0.005904558404558404
615.2 0.0058903133903133904
615.4 0.005876068376068376
615.6 0.005854700854700855
615.8 0.005833333333333334
616.0 0.0057977207977207975
616.2 0.005754985754985755
616.4 0.005712250712250713
616.6 0.005648148148148148
616.8 0.005605413105413105
617.0 0.005576923076923077
617.2 0.005548433048433048
617.4 0.005512820512820513
617.6 0.005462962962962963
617.8 0.0054487179487179484
618.0 0.005413105413105413
618.2 0.005398860398860399
618.4 0.005356125356125356
618.6 0.00532051282051282
618.8 0.005270655270655272
619.0 0.0052350427350427355
619.2 0.0051709401709401715
619.4 0.005142450142450143
619.6 0.005121082621082621
619.8 0.005092592592592593
620.0 0.00504985754985755
620.2 0.005035612535612536
620.4 0.004971509971509971
620.6 0.004943019943019943
620.8 0.004928774928774929
621.0 0.004864672364672365
621.2 0.0048219373219373215
621.4 0.0047934472934472935
621.6 0.004772079772079772
621.8 0.004764957264957265
622.0 0.004715099715099715
622.2 0.004700854700854701
622.4 0.00467948717948718
622.6 0.004622507122507122
622.8 0.004558404558404558
623.0 0.004522792022792023
623.2 0.004501424501424501
623.4 0.004465811965811966
623.6 0.004451566951566952
623.8 0.00443019943019943
624.0 0.004408831908831909
624.2 0.00438034188034188
624.4 0.004373219373219373
624.6 0.004330484330484331
624.8 0.0043233618233618236
625.0 0.004294871794871795
625.2 0.0042592592592592595
625.4 0.004209401709401709
625.6 0.004152421652421652
625.8 0.004138176638176639
626.0 0.004116809116809117
626.2 0.004095441595441595
626.4 0.004052706552706553
626.6 0.0040384615384615385
626.8 0.00400997150997151
627.0 0.003981481481481482
627.2 0.003931623931623931
627.4 0.0038603988603988604
627.6 0.0038461538461538464
627.8 0.003817663817663818
628.0 0.003782051282051282
628.2 0.0037464387464387467
628.4 0.0037321937321937323
628.6 0.0037179487179487183
628.8 0.0036965811965811966
629.0 0.003653846153846154
629.2 0.003632478632478632
629.4 0.0035683760683760685
629.6 0.0035470085470085473
629.8 0.0035398860398860397
630.0 0.0035185185185185185
630.2 0.0034971509971509973
630.4 0.003475783475783476
630.6 0.003433048433048433
630.8 0.003418803418803419
631.0 0.003368945868945869
631.2 0.0033404558404558403
631.4 0.0033262108262108263
631.6 0.003311965811965812
631.8 0.0033048433048433047
632.0 0.003269230769230769
632.2 0.0032549857549857546
632.4 0.003247863247863248
632.6 0.0032407407407407406
632.8 0.0031980056980056982
633.0 0.0031980056980056982
633.2 0.003176638176638177
633.4 0.003141025641025641
633.6 0.0031054131054131058
633.8 0.003076923076923077
634.0 0.0030626780626780625
634.2 0.0030484330484330485
634.4 0.003005698005698006
634.6 0.002955840455840456
634.8 0.0029273504273504276
635.0 0.0029273504273504276
635.2 0.0029059829059829064
635.4 0.002849002849002849
635.6 0.0028347578347578343
635.8 0.0028205128205128203
636.0 0.0028205128205128203
636.2 0.002813390313390313
636.4 0.0027849002849002847
636.6 0.0027706552706552707
636.8 0.0027635327635327635
637.0 0.0027350427350427355
637.2 0.0027350427350427355
637.4 0.002727920227920228
637.6 0.0027207977207977206
637.8 0.0027136752136752134
638.0 0.0026994301994301994
638.2 0.002678062678062678
638.4 0.002670940170940171
638.6 0.0026638176638176638
638.8 0.002621082621082621
639.0 0.0025712250712250713
639.2 0.0025498575498575497
639.4 0.0025356125356125357
639.6 0.0025356125356125357
639.8 0.0025356125356125357
640.0 0.0025213675213675213
640.2 0.0025071225071225073
640.4 0.0025
640.6 0.0024643874643874644
640.8 0.00245014245014245
641.0 0.002435897435897436
641.2 0.002428774928774929
641.4 0.0024216524216524216
641.6 0.002407407407407407
641.8 0.002386039886039886
642.0 0.0023646723646723647
642.2 0.0023504273504273503
642.4 0.0023361823361823363
642.6 0.002307692307692308
642.8 0.002279202279202279
643.0 0.002272079772079772
643.2 0.002257834757834758
643.4 0.0022507122507122506
643.6 0.0022293447293447294
643.8 0.0022079772079772082
644.0 0.002200854700854701
644.2 0.002200854700854701
644.4 0.0021794871794871794
644.6 0.002172364672364672
644.8 0.002172364672364672
645.0 0.0021652421652421654
645.2 0.002158119658119658
645.4 0.002158119658119658
645.6 0.002158119658119658
645.8 0.0021438746438746437
646.0 0.0021367521367521365
646.2 0.0021082621082621085
646.4 0.002094017094017094
646.6 0.0020797720797720797
646.8 0.002072649572649573
647.0 0.002044159544159544
647.2 0.002044159544159544
647.4 0.0020156695156695156
647.6 0.0019871794871794872
647.8 0.0019729344729344732
648.0 0.0019658119658119656
648.2 0.0019515669515669514
648.4 0.0019515669515669514
648.6 0.0019373219373219372
648.8 0.0019230769230769232
649.0 0.0018945868945868945
649.2 0.0018945868945868945
649.4 0.0018660968660968661
649.6 0.0018589743589743591
649.8 0.0018589743589743591
650.0 0.0018589743589743591
650.2 0.0018447293447293447
650.4 0.001809116809116809
650.6 0.0017877492877492879
650.8 0.0017806267806267807
651.0 0.0017592592592592592
651.2 0.0017307692307692308
651.4 0.0017236467236467238
651.6 0.0017165242165242164
651.8 0.0017165242165242164
652.0 0.0016951566951566952
652.2 0.0016951566951566952
652.4 0.0016809116809116808
652.6 0.0016737891737891738
652.8 0.0016666666666666666
653.0 0.0016595441595441596
653.2 0.0016524216524216523
653.4 0.0016452991452991454
653.6 0.001631054131054131
653.8 0.0016168091168091167
654.0 0.0016168091168091167
654.2 0.0016025641025641027
654.4 0.0015954415954415955
654.6 0.001581196581196581
654.8 0.0015598290598290599
655.0 0.0015598290598290599
655.2 0.0015527065527065529
655.4 0.0015384615384615385
655.6 0.0015313390313390312
655.8 0.001517094017094017
656.0 0.00150997150997151
656.2 0.00150997150997151
656.4 0.0014886039886039886
656.6 0.0014743589743589744
656.8 0.0014601139601139602
657.0 0.0014529914529914532
657.2 0.0014316239316239316
657.4 0.0014316239316239316
657.6 0.0014245014245014246
657.8 0.0014102564102564101
658.0 0.0014102564102564101
658.2 0.0014102564102564101
658.4 0.001388888888888889
658.6 0.0013675213675213677
658.8 0.0013675213675213677
659.0 0.0013603988603988603
659.2 0.0013603988603988603
659.4 0.0013603988603988603
659.6 0.0013603988603988603
659.8 0.0013532763532763533
660.0 0.001339031339031339
660.2 0.001324786324786325
660.4 0.0013105413105413105
660.6 0.0013034188034188035
660.8 0.0012962962962962963
661.0 0.0012962962962962963
661.2 0.0012962962962962963
661.4 0.0012749287749287748
661.6 0.0012606837606837606
661.8 0.0012464387464387464
662.0 0.0012464387464387464
662.2 0.0012464387464387464
662.4 0.001217948717948718
662.6 0.0012108262108262108
662.8 0.0012108262108262108
663.0 0.0011965811965811966
663.2 0.0011894586894586896
663.4 0.0011823361823361824
663.6 0.0011680911680911682
663.8 0.001153846153846154
664.0 0.0011467236467236467
664.2 0.0011467236467236467
664.4 0.0011253561253561253
664.6 0.0011111111111111111
664.8 0.0011111111111111111
665.0 0.001096866096866097
665.2 0.0010826210826210827
665.4 0.0010754985754985755
665.6 0.0010683760683760683
665.8 0.0010612535612535613
666.0 0.0010398860398860398
666.2 0.0010327635327635329
666.4 0.0010256410256410256
666.6 0.0010256410256410256
666.8 0.0010185185185185184
667.0 0.0009971509971509972
667.2 0.0009829059829059828
667.4 0.0009829059829059828
667.6 0.0009829059829059828
667.8 0.0009686609686609686
668.0 0.0009615384615384616
668.2 0.0009615384615384616
668.4 0.0009330484330484331
668.6 0.0009259259259259259
668.8 0.0009116809116809118
669.0 0.0008974358974358974
669.2 0.000876068376068376
669.4 0.000876068376068376
669.6 0.0008618233618233619
669.8 0.0008475783475783476
670.0 0.0008475783475783476
670.2 0.0008404558404558404
670.4 0.0008262108262108262
670.6 0.0008262108262108262
670.8 0.000811965811965812
671.0 0.000811965811965812
671.2 0.0007977207977207978
671.4 0.0007834757834757834
671.6 0.0007763532763532764
671.8 0.0007692307692307692
672.0 0.0007692307692307692
672.2 0.000754985754985755
672.4 0.0007478632478632478
672.6 0.0007478632478632478
672.8 0.0007478632478632478
673.0 0.0007407407407407407
673.2 0.0007264957264957266
673.4 0.0007264957264957266
673.6 0.0007193732193732194
673.8 0.000698005698005698
674.0 0.0006908831908831909
674.2 0.0006908831908831909
674.4 0.0006837606837606839
674.6 0.0006766381766381767
674.8 0.0006695156695156696
675.0 0.0006623931623931624
675.2 0.0006552706552706552
675.4 0.0006481481481481481
675.6 0.0006410256410256409
675.8 0.0006267806267806268
676.0 0.0006125356125356125
676.2 0.0006054131054131054
676.4 0.0005982905982905983
676.6 0.0005911680911680912
676.8 0.0005698005698005698
677.0 0.0005555555555555556
677.2 0.0005484330484330485
677.4 0.0005484330484330485
677.6 0.0005413105413105413
677.8 0.0005341880341880341
678.0 0.0005270655270655271
678.2 0.0005270655270655271
678.4 0.0005270655270655271
678.6 0.0005056980056980057
678.8 0.0005056980056980057
679.0 0.0005056980056980057
679.2 0.0005056980056980057
679.4 0.0004985754985754986
679.6 0.0004914529914529914
679.8 0.0004843304843304843
680.0 0.0004843304843304843
680.2 0.00047720797720797724
680.4 0.0004700854700854701
680.6 0.0004700854700854701
680.8 0.0004487179487179487
681.0 0.00044159544159544156
681.2 0.00044159544159544156
681.4 0.00042735042735042735
681.6 0.0004131054131054131
681.8 0.000405982905982906
682.0 0.000405982905982906
682.2 0.000405982905982906
682.4 0.000405982905982906
682.6 0.000405982905982906
682.8 0.0003917378917378917
683.0 0.0003917378917378917
683.2 0.0003846153846153846
683.4 0.0003632478632478633
683.6 0.0003632478632478633
683.8 0.000349002849002849
684.0 0.0003347578347578348
684.2 0.0003276353276353276
684.4 0.00032051282051282046
684.6 0.0003133903133903134
684.8 0.00029914529914529915
685.0 0.00029914529914529915
685.2 0.0002849002849002849
685.4 0.0002777777777777778
685.6 0.0002706552706552707
685.8 0.0002564102564102564
686.0 0.0002492877492877493
686.2 0.0002492877492877493
686.4 0.00023504273504273504
686.6 0.00023504273504273504
686.8 0.00022792022792022794
687.0 0.00021367521367521368
687.2 0.00021367521367521368
687.4 0.00019943019943019944
687.6 0.0001923076923076923
687.8 0.0001923076923076923
688.0 0.00018518518518518518
688.2 0.00017094017094017097
688.4 0.0001638176638176638
688.6 0.00014245014245014244
688.8 0.0001282051282051282
689.0 0.0001282051282051282
689.2 0.00012108262108262107
689.4 0.00011396011396011397
689.6 0.00010683760683760684
689.8 9.971509971509972e-05
690.0 9.971509971509972e-05
690.2 8.547008547008548e-05
690.4 7.834757834757835e-05
690.6 7.834757834757835e-05
690.8 7.834757834757835e-05
691.0 7.834757834757835e-05
691.2 7.834757834757835e-05
691.4 6.41025641025641e-05
691.6 6.41025641025641e-05
691.8 6.41025641025641e-05
692.0 6.41025641025641e-05
692.2 5.6980056980056985e-05
692.4 5.6980056980056985e-05
692.6 5.6980056980056985e-05
692.8 5.6980056980056985e-05
693.0 4.985754985754986e-05
693.2 4.273504273504274e-05
693.4 4.273504273504274e-05
693.6 4.273504273504274e-05
693.8 3.561253561253561e-05
694.0 3.561253561253561e-05
694.2 3.561253561253561e-05
694.4 2.8490028490028492e-05
694.6 2.136752136752137e-05
694.8 2.136752136752137e-05
695.0 2.136752136752137e-05
695.2 2.136752136752137e-05
695.4 2.136752136752137e-05
695.6 2.136752136752137e-05
695.8 2.136752136752137e-05
696.0 2.136752136752137e-05
696.2 2.136752136752137e-05
696.4 2.136752136752137e-05
696.6 1.4245014245014246e-05
696.8 1.4245014245014246e-05
697.0 1.4245014245014246e-05
697.2 1.4245014245014246e-05
697.4 1.4245014245014246e-05
697.6 1.4245014245014246e-05
697.8 1.4245014245014246e-05
698.0 1.4245014245014246e-05
698.2 1.4245014245014246e-05
698.4 7.122507122507123e-06
698.6 0.0
