\tau/\tau_{d} vs n_{unpack}/N
0.0 1.0
0.2 0.9995372750642673
0.4 0.9973007712082262
0.6 0.9952270779777207
0.8 0.9933419023136247
1.0 0.9913453299057412
1.2 0.9895029991431019
1.4 0.9877035132819195
1.6 0.9857497857754928
1.8 0.9839074550128535
2.0 0.982159383033419
2.2 0.9805141388174807
2.4 0.9789717223650386
2.6 0.9775407026563839
2.8 0.9758954584404457
3.0 0.9745501285347044
3.2 0.9732219365895459
3.4 0.9717052270779777
3.6 0.9703856041131105
3.8 0.9689717223650386
4.0 0.9674635818337617
4.2 0.9661096829477291
4.4 0.964764353041988
4.6 0.9635389888603256
4.8 0.9621936589545844
5.0 0.961165381319623
5.2 0.9599571550985432
5.4 0.9589460154241646
5.6 0.9577463581833762
5.8 0.9565552699228792
6.0 0.9554670094258784
6.2 0.954318766066838
6.4 0.9531705227077978
6.6 0.9519537275064267
6.8 0.9507969151670952
7.0 0.9497343616109682
7.2 0.9486975149957155
7.4 0.9476349614395887
7.6 0.9466066838046272
7.8 0.9454413024850042
8.0 0.9443873179091687
8.2 0.9435047129391603
8.4 0.9426906598114825
8.6 0.9415167095115682
8.8 0.9404541559554412
9.0 0.9394173093401885
9.2 0.9383976006855184
9.4 0.9374635818337618
9.6 0.9366323907455013
9.8 0.9356383890317052
10.0 0.934815766923736
10.2 0.9339417309340189
10.4 0.9329220222793488
10.6 0.9320479862896315
10.8 0.9309597257926306
11.0 0.9300771208226222
11.2 0.9291088260497001
11.4 0.9280548414738646
11.6 0.9272836332476436
11.8 0.9264695801199657
12.0 0.9255955441302486
12.2 0.924764353041988
12.4 0.9237617823479006
12.6 0.9229734361610968
12.8 0.922082262210797
13.0 0.9213367609254499
13.2 0.9205312767780635
13.4 0.9196143958868894
13.6 0.9188688946015424
13.8 0.918063410454156
14.0 0.9172493573264782
14.2 0.9164267352185089
14.4 0.9155526992287918
14.6 0.9147043701799485
14.8 0.9138560411311054
15.0 0.9130505569837188
15.2 0.9119965724078835
15.4 0.9113196229648672
15.6 0.9104627249357327
15.8 0.9097000856898029
16.0 0.9090574121679521
16.2 0.9082604970008569
16.4 0.9074721508140532
16.6 0.9068380462724935
16.8 0.906152527849186
17.0 0.9052956298200514
17.2 0.9045329905741216
17.4 0.9037532133676092
17.6 0.90293059125964
17.8 0.9022193658954585
18.0 0.9014053127677806
18.2 0.9008568980291345
18.4 0.9001199657240788
18.6 0.8994001713796058
18.8 0.898611825192802
19.0 0.8978320479862896
19.2 0.8971893744644387
19.4 0.8964181662382177
19.6 0.8955698371893744
19.8 0.8948329048843188
20.0 0.8941131105398458
20.2 0.8933333333333333
20.4 0.892630676949443
20.6 0.8920394173093402
20.8 0.891113967437875
21.0 0.8902913453299057
21.2 0.8896229648671807
21.4 0.8890145672664953
21.6 0.8884233076263925
21.8 0.8876606683804628
22.0 0.8869494430162811
22.2 0.8862382176520994
22.4 0.8853984575835476
22.6 0.8846786632390746
22.8 0.8839160239931448
23.0 0.8831790916880891
23.2 0.8824850042844902
23.4 0.881713796058269
23.6 0.88101970865467
23.8 0.8803770351328193
24.0 0.8795886889460154
24.2 0.8788431876606684
24.4 0.8780634104541559
24.6 0.8774293059125964
24.8 0.8767609254498714
25.0 0.875955441302485
25.2 0.8752784918594688
25.4 0.8745072836332477
25.6 0.8737446443873179
25.8 0.8729562982005141
26.0 0.8723136246786631
26.2 0.871688089117395
26.4 0.870968294772922
26.6 0.8703427592116537
26.8 0.869725792630677
27.0 0.8689203084832904
27.2 0.8682690659811482
27.4 0.8676520994001714
27.6 0.8670437017994859
27.8 0.8663924592973435
28.0 0.8657240788346187
28.2 0.8650556983718937
28.4 0.8643616109682948
28.6 0.8636246786632391
28.8 0.8629562982005141
29.0 0.862407883461868
29.2 0.8617309340188518
29.4 0.8611053984575835
29.6 0.860471293916024
29.8 0.8598200514138817
30.0 0.8591173950299914
30.2 0.8583718937446444
30.4 0.8577377892030849
30.6 0.8570951156812339
30.8 0.8565381319622964
31.0 0.8559383033419024
31.2 0.8552270779777207
31.4 0.8545758354755785
31.6 0.8540274207369323
31.8 0.8532990574121679
32.0 0.8526563838903171
32.2 0.852082262210797
32.4 0.8514995715509854
32.6 0.8508397600685518
32.8 0.8501028277634961
33.0 0.8493401885175664
33.2 0.8487403598971723
33.4 0.8480462724935732
33.6 0.8472236503856041
33.8 0.8464952870608397
34.0 0.845955441302485
34.2 0.8453813196229649
34.4 0.8448157669237361
34.6 0.8441730934018853
34.8 0.843598971722365
35.0 0.842879177377892
35.2 0.8423393316195373
35.4 0.8417737789203085
35.6 0.8411482433590404
35.8 0.8404627249357327
36.0 0.839948586118252
36.2 0.8393144815766924
36.4 0.8386632390745501
36.6 0.8379605826906598
36.8 0.837395029991431
37.0 0.8366666666666667
37.2 0.8361610968294773
37.4 0.8355612682090832
37.6 0.8348928877463583
37.8 0.8341988003427592
38.0 0.8334875749785776
38.2 0.8328963153384747
38.4 0.8323479005998285
38.6 0.8317052270779777
38.8 0.8310197086546701
39.0 0.8303684661525278
39.2 0.8297514995715509
39.4 0.8290745501285347
39.6 0.8284490145672665
39.8 0.827840616966581
40.0 0.8270351328191946
40.2 0.8264952870608397
40.4 0.8256983718937447
40.6 0.8251071122536418
40.8 0.824490145672665
41.0 0.823847472150814
41.2 0.8231533847472151
41.4 0.8224850042844902
41.6 0.8217480719794346
41.8 0.8211053984575836
42.0 0.82044558697515
42.2 0.8198971722365038
42.4 0.8192887746358183
42.6 0.8186889460154242
42.8 0.8179263067694944
43.0 0.817146529562982
43.2 0.8165381319622965
43.4 0.8159125964010283
43.6 0.8153384747215081
43.8 0.8146615252784919
44.0 0.8139760068551842
44.2 0.8132904884318767
44.4 0.812630676949443
44.6 0.8120308483290488
44.8 0.8113796058269067
45.0 0.8107369323050557
45.2 0.8100771208226222
45.4 0.80942587832048
45.6 0.8086803770351328
45.8 0.808037703513282
46.0 0.8074635818337618
46.2 0.8068894601542417
46.4 0.8064095972579263
46.6 0.805878320479863
46.8 0.8053041988003428
47.0 0.804790059982862
47.2 0.8041559554413026
47.4 0.8034447300771208
47.6 0.8028620394173093
47.8 0.8022022279348758
48.0 0.8016795201371036
48.2 0.8010368466152528
48.4 0.8004027420736932
48.6 0.7998286203941731
48.8 0.7992630676949443
49.0 0.7985347043701799
49.2 0.7979605826906598
49.4 0.7973007712082263
49.6 0.7967009425878321
49.8 0.7958611825192802
50.0 0.7952870608397601
50.2 0.7946615252784919
50.4 0.7940359897172236
50.6 0.7935132819194516
50.8 0.7928963153384747
51.0 0.7922707797772065
51.2 0.7917566409597258
51.4 0.7911225364181662
51.6 0.7905141388174808
51.8 0.7899314481576692
52.0 0.7893059125964009
52.2 0.7886203941730934
52.4 0.7881491002570694
52.6 0.7876863753213368
52.8 0.7870694087403599
53.0 0.7864610111396744
53.2 0.7858611825192802
53.4 0.7852013710368466
53.6 0.7844815766923736
53.8 0.7838903170522709
54.0 0.7832562125107113
54.2 0.7827077977720651
54.4 0.7821850899742931
54.6 0.7816281062553556
54.8 0.7808911739502998
55.0 0.7803427592116537
55.2 0.7796229648671807
55.4 0.7790231362467867
55.6 0.7785347043701799
55.8 0.777917737789203
56.0 0.7772750642673522
56.2 0.7765895458440446
56.4 0.7760068551842331
56.6 0.7753641816623822
56.8 0.7748586118251929
57.0 0.7742502142245072
57.2 0.7736161096829477
57.4 0.7730676949443016
57.6 0.7723307626392458
57.8 0.7717566409597257
58.0 0.7711053984575835
58.2 0.7705569837189374
58.4 0.7697600685518424
58.6 0.7692030848329048
58.8 0.768560411311054
59.0 0.7679434447300771
59.2 0.7674378748928877
59.4 0.7668294772922022
59.6 0.7662810625535562
59.8 0.7657412167952014
60.0 0.7652699228791774
60.2 0.7646015424164524
60.4 0.7639417309340188
60.6 0.763273350471294
60.8 0.7627592116538132
61.0 0.7622622107969151
61.2 0.7616452442159383
61.4 0.7608654670094259
61.6 0.760248500428449
61.8 0.7596915167095116
62.0 0.7591602399314482
62.2 0.7585432733504713
62.4 0.7579091688089118
62.6 0.7573007712082263
62.8 0.7566923736075407
63.0 0.7561268209083118
63.2 0.7555526992287918
63.4 0.7549185946872322
63.6 0.7543616109682948
63.8 0.753847472150814
64.0 0.7532133676092545
64.2 0.7526906598114824
64.4 0.7520308483290488
64.6 0.7514053127677807
64.8 0.7508140531276779
65.0 0.7501885175664096
65.2 0.7496229648671807
65.4 0.7489974293059126
65.6 0.7484832904884319
65.8 0.7478834618680377
66.0 0.7473093401885176
66.2 0.746726649528706
66.4 0.7460925449871465
66.6 0.7454670094258783
66.8 0.7448928877463582
67.0 0.7442159383033419
67.2 0.7435389888603257
67.4 0.7428106255355612
67.6 0.7421936589545843
67.8 0.7416195372750642
68.0 0.7410796915167096
68.2 0.7405398457583547
68.4 0.7398628963153385
68.6 0.7393401885175664
68.8 0.7387060839760069
69.0 0.738166238217652
69.2 0.7376006855184234
69.4 0.7370608397600685
69.6 0.736401028277635
69.8 0.7358954584404457
70.0 0.7352527849185947
70.2 0.7346443873179092
70.4 0.7340874035989716
70.6 0.7335047129391603
70.8 0.7328534704370181
71.0 0.7322793487574978
71.2 0.7317052270779777
71.4 0.7310968294772923
71.6 0.7306512425021423
71.8 0.73
72.0 0.7293658954584404
72.2 0.7286461011139674
72.4 0.7281319622964867
72.6 0.7275407026563839
72.8 0.7270094258783204
73.0 0.726401028277635
73.2 0.7257926306769494
73.4 0.7253213367609255
73.6 0.7247729220222793
73.8 0.72426735218509
74.0 0.7236846615252784
74.2 0.7230248500428449
74.4 0.7224592973436161
74.6 0.7218508997429306
74.8 0.7212596401028277
75.0 0.720668380462725
75.2 0.7201285347043702
75.4 0.7194944301628107
75.6 0.7188774635818338
75.8 0.7182090831191088
76.0 0.7176863753213368
76.2 0.7171036846615253
76.4 0.7165124250214224
76.6 0.7159640102827765
76.8 0.7153813196229649
77.0 0.7146958011996573
77.2 0.7140874035989717
77.4 0.7134875749785776
77.6 0.7128534704370181
77.8 0.7123821765209939
78.0 0.7117823479005999
78.2 0.711165381319623
78.4 0.7105484147386462
78.6 0.7099571550985432
78.8 0.7094687232219365
79.0 0.7088774635818338
79.2 0.7081833761782348
79.4 0.7075235646958012
79.6 0.7069837189374465
79.8 0.7065467009425878
80.0 0.7059725792630677
80.2 0.7053556126820908
80.4 0.7048586118251928
80.6 0.7043016281062553
80.8 0.7037275064267352
81.0 0.7032476435304198
81.2 0.7025964010282776
81.4 0.7020222793487575
81.6 0.7015338474721509
81.8 0.7008654670094259
82.0 0.700325621251071
82.2 0.6997000856898029
82.4 0.6991431019708655
82.6 0.6986546700942589
82.8 0.6980976863753213
83.0 0.6974635818337618
83.2 0.6968466152527849
83.4 0.6962810625535562
83.6 0.6956726649528706
83.8 0.6951328191945159
84.0 0.6944987146529563
84.2 0.6938903170522708
84.4 0.6934190231362467
84.6 0.6928363324764354
84.8 0.6923650385604112
85.0 0.6917223650385604
85.2 0.691242502142245
85.4 0.690719794344473
85.6 0.6900771208226222
85.8 0.6895372750642673
86.0 0.6889117395029991
86.2 0.6883290488431877
86.4 0.6878234790059983
86.6 0.6872579263067695
86.8 0.6867694944301629
87.0 0.6861953727506426
87.2 0.6856041131105398
87.4 0.6850899742930591
87.6 0.6845844044558698
87.8 0.684044558697515
88.0 0.6834875749785776
88.2 0.6828449014567266
88.4 0.6822707797772065
88.6 0.6817480719794345
88.8 0.6812082262210797
89.0 0.6805741216795201
89.2 0.6800856898029134
89.4 0.6793916023993145
89.6 0.6789203084832904
89.8 0.6783204798628963
90.0 0.6777292202227935
90.2 0.677266495287061
90.4 0.6766066838046272
90.6 0.6760239931448158
90.8 0.675432733504713
91.0 0.6747986289631533
91.2 0.6743273350471294
91.4 0.6737275064267352
91.6 0.6732047986289632
91.8 0.6725792630676949
92.0 0.6720394173093402
92.2 0.6716195372750643
92.4 0.6710882604970009
92.6 0.6704798628963153
92.8 0.6699742930591259
93.0 0.6693573264781492
93.2 0.6687146529562982
93.4 0.668114824335904
93.6 0.6677120822622108
93.8 0.6671465295629819
94.0 0.666598114824336
94.2 0.6660582690659811
94.4 0.6655355612682091
94.6 0.6649357326478149
94.8 0.664318766066838
95.0 0.663796058269066
95.2 0.6631619537275064
95.4 0.6625364181662383
95.6 0.6619194515852613
95.8 0.6613710368466152
96.0 0.6608654670094259
96.2 0.6602827763496144
96.4 0.6597429305912597
96.6 0.6592459297343616
96.8 0.658757497857755
97.0 0.6581319622964866
97.2 0.6575492716366752
97.4 0.6570608397600686
97.6 0.6565381319622965
97.8 0.6559468723221937
98.0 0.6555184233076264
98.2 0.6550299914310197
98.4 0.6543530419880034
98.6 0.6537360754070265
98.8 0.6531876606683805
99.0 0.6526392459297344
99.2 0.6521165381319624
99.4 0.6516023993144816
99.6 0.6510539845758355
99.8 0.6505398457583547
100.0 0.6499742930591259
100.2 0.6494858611825193
100.4 0.6488089117395031
100.6 0.6482519280205655
100.8 0.6477292202227934
101.0 0.6471636675235647
101.2 0.6465724078834618
101.4 0.6459811482433591
101.6 0.6454498714652956
101.8 0.6450042844901457
102.0 0.6443873179091688
102.2 0.6438474721508141
102.4 0.6432562125107113
102.6 0.6428877463581835
102.8 0.6423136246786632
103.0 0.6417909168808912
103.2 0.6412767780634104
103.4 0.6405912596401028
103.6 0.6400599828620395
103.8 0.6394687232219366
104.0 0.6388688946015424
104.2 0.6382947729220223
104.4 0.6377035132819194
104.6 0.6370779777206512
104.8 0.6364781491002571
105.0 0.6360325621251071
105.2 0.6354413024850043
105.4 0.6349357326478149
105.6 0.6343359040274208
105.8 0.6337703513281919
106.0 0.6332047986289632
106.2 0.6326392459297344
106.4 0.6321508140531277
106.6 0.6314824335904027
106.8 0.6308997429305913
107.0 0.6303513281919452
107.2 0.6297343616109683
107.4 0.6291945158526135
107.6 0.6285689802913453
107.8 0.6281319622964867
108.0 0.6276006855184233
108.2 0.6270437017994859
108.4 0.6264353041988003
108.6 0.6259640102827764
108.8 0.6254413024850043
109.0 0.6248157669237361
109.2 0.6242330762639245
109.4 0.6237189374464439
109.6 0.6231191088260497
109.8 0.6225021422450728
110.0 0.6220479862896315
110.2 0.6215424164524421
110.4 0.6209854327335047
110.6 0.6202913453299057
110.8 0.6197429305912596
111.0 0.6192887746358183
111.2 0.6187146529562981
111.4 0.6181662382176522
111.6 0.617617823479006
111.8 0.617095115681234
112.0 0.6165895458440446
112.2 0.6160154241645244
112.4 0.6153898886032563
112.6 0.6149614395886889
112.8 0.6144473007712082
113.0 0.6138817480719794
113.2 0.6134190231362467
113.4 0.6128106255355612
113.6 0.6122622107969152
113.8 0.6117566409597258
114.0 0.611191088260497
114.2 0.6107712082262211
114.4 0.6101799485861182
114.6 0.6093830334190231
114.8 0.6088174807197944
115.0 0.6081748071979435
115.2 0.607617823479006
115.4 0.6070437017994859
115.6 0.6065809768637532
115.8 0.6059640102827764
116.0 0.6054070265638389
116.2 0.6048928877463582
116.4 0.6043187660668381
116.6 0.6036932305055699
116.8 0.6031705227077978
117.0 0.6026392459297344
117.2 0.6020308483290489
117.4 0.60146529562982
117.6 0.6010796915167095
117.8 0.6004970008568979
118.0 0.5999828620394173
118.2 0.5994344473007712
118.4 0.5989545844044559
118.6 0.5983890317052271
118.8 0.5978920308483291
119.0 0.5974293059125965
119.2 0.5968380462724936
119.4 0.5963581833761782
119.6 0.5957497857754928
119.8 0.5953384747215081
120.0 0.5948243359040274
120.2 0.594241645244216
120.4 0.5936503856041131
120.6 0.593076263924593
120.8 0.5925364181662381
121.0 0.5919023136246787
121.2 0.5915081405312768
121.4 0.5909854327335047
121.6 0.5904541559554413
121.8 0.5898371893744645
122.0 0.5892630676949443
122.2 0.5886289631533848
122.4 0.5880462724935732
122.6 0.5876092544987146
122.8 0.586975149957155
123.0 0.5864438731790917
123.2 0.5858954584404455
123.4 0.5853984575835476
123.6 0.5848329048843187
123.8 0.5844387317909169
124.0 0.5839160239931448
124.2 0.583299057412168
124.4 0.582630676949443
124.6 0.5820994001713796
124.8 0.5815681233933162
125.0 0.5810454155955441
125.2 0.5803856041131106
125.4 0.5797943444730077
125.6 0.5790916880891174
125.8 0.5786032562125107
126.0 0.5781062553556127
126.2 0.5774892887746358
126.4 0.5769408740359897
126.6 0.5762896315338475
126.8 0.5758526135389889
127.0 0.5753727506426736
127.2 0.5748586118251928
127.4 0.5743873179091689
127.6 0.5738560411311053
127.8 0.5733161953727507
128.0 0.5727849185946873
128.2 0.5722365038560411
128.4 0.5717137960582691
128.6 0.5711739502999142
128.8 0.5706426735218509
129.0 0.5700599828620394
129.2 0.5694772922022279
129.4 0.5690231362467866
129.6 0.5685518423307626
129.8 0.5680805484147387
130.0 0.5674892887746359
130.2 0.5668894601542417
130.4 0.5663667523564695
130.6 0.5659383033419023
130.8 0.5654327335047129
131.0 0.564815766923736
131.2 0.5642759211653813
131.4 0.5639588688946016
131.6 0.5632219365895458
131.8 0.5627677806341045
132.0 0.5622450728363325
132.2 0.5617823479005998
132.4 0.5612596401028278
132.6 0.5606855184233076
132.8 0.5601456726649529
133.0 0.5595544130248501
133.2 0.5589545844044559
133.4 0.5584661525278493
133.6 0.5579862896315338
133.8 0.5572836332476435
134.0 0.5567180805484147
134.2 0.5562553556126821
134.4 0.555706940874036
134.6 0.555209940017138
134.8 0.5546958011996572
135.0 0.5541730934018851
135.2 0.553744644387318
135.4 0.5530591259640103
135.6 0.5525021422450728
135.8 0.5520822622107969
136.0 0.5514995715509854
136.2 0.5510625535561268
136.4 0.5505569837189375
136.6 0.5501113967437875
136.8 0.5496229648671808
137.0 0.5489974293059126
137.2 0.5484490145672666
137.4 0.5477977720651243
137.6 0.5473093401885175
137.8 0.5467523564695802
138.0 0.5462724935732648
138.2 0.5457497857754927
138.4 0.545261353898886
138.6 0.5446700942587832
138.8 0.5441473864610111
139.0 0.5436846615252785
139.2 0.5431705227077978
139.4 0.5426563838903171
139.6 0.5421165381319623
139.8 0.5415081405312767
140.0 0.5410882604970009
140.2 0.5404541559554413
140.4 0.5398886032562126
140.6 0.5393487574978577
140.8 0.5388346186803771
141.0 0.5382776349614395
141.2 0.5377892030848329
141.4 0.5373350471293916
141.6 0.5367694944301629
141.8 0.5362125107112253
142.0 0.5357926306769495
142.2 0.5352870608397601
142.4 0.534790059982862
142.6 0.5342330762639246
142.8 0.5337103684661525
143.0 0.533101970865467
143.2 0.5325192802056555
143.4 0.5320137103684661
143.6 0.5315424164524422
143.8 0.5310025706940874
144.0 0.530497000856898
144.2 0.529974293059126
144.4 0.5294601542416452
144.6 0.5289717223650385
144.8 0.5284318766066838
145.0 0.5279434447300771
145.2 0.5274035989717223
145.4 0.5268209083119109
145.6 0.5263581833761782
145.8 0.5256640959725792
146.0 0.5251499571550986
146.2 0.524764353041988
146.4 0.5241302485004284
146.6 0.5236418166238218
146.8 0.5230591259640103
147.0 0.522604970008569
147.2 0.5220222793487576
147.4 0.5214824335904027
147.6 0.520942587832048
147.8 0.5203770351328192
148.0 0.5199314481576692
148.2 0.5194173093401885
148.4 0.5188603256212511
148.6 0.5183547557840616
148.8 0.5178834618680377
149.0 0.5174378748928877
149.2 0.5168894601542416
149.4 0.5164438731790917
149.6 0.5158783204798629
149.8 0.5153384747215081
150.0 0.5148757497857754
150.2 0.5143958868894601
150.4 0.5138131962296487
150.6 0.513324764353042
150.8 0.5128106255355612
151.0 0.5123393316195373
151.2 0.511885175664096
151.4 0.5114224507283633
151.6 0.5109511568123394
151.8 0.5103598971722365
152.0 0.5098371893744644
152.2 0.5094430162810625
152.4 0.5089974293059126
152.6 0.5084661525278492
152.8 0.5078577549271637
153.0 0.5073179091688089
153.2 0.5068037703513282
153.4 0.5061868037703513
153.6 0.5056640959725792
153.8 0.5050556983718938
154.0 0.5045329905741217
154.2 0.503967437874893
154.4 0.5034447300771209
154.6 0.5030077120822622
154.8 0.5023736075407027
155.0 0.5018937446443873
155.2 0.5014567266495287
155.4 0.50101970865467
155.6 0.5004113110539845
155.8 0.4997943444730077
156.0 0.49923736075407027
156.2 0.49864610111396745
156.4 0.49811482433590404
156.6 0.4976606683804627
156.8 0.4971636675235647
157.0 0.496675235646958
157.2 0.49611825192802056
157.4 0.4956555269922879
157.6 0.4951756640959726
157.8 0.4945758354755784
158.0 0.4939760068551843
158.2 0.4933590402742074
158.4 0.49277634961439587
158.6 0.4922365038560411
158.8 0.4916452442159383
159.0 0.4911139674378749
159.2 0.4906341045415596
159.4 0.4901028277634961
159.6 0.4895544130248501
159.8 0.4889631533847472
160.0 0.48840616966580974
160.2 0.48785775492716366
160.4 0.4872150814053128
160.6 0.4867694944301628
160.8 0.48634961439588686
161.0 0.4859040274207369
161.2 0.48530419880034276
161.4 0.48479005998286206
161.6 0.4842673521850899
161.8 0.4835818337617823
162.0 0.48305055698371896
162.2 0.4825364181662382
162.4 0.4818937446443873
162.6 0.4812939160239932
162.8 0.48089117395029995
163.0 0.48041131105398455
163.2 0.4798457583547558
163.4 0.4793401885175664
163.6 0.4788431876606684
163.8 0.478363324764353
164.0 0.4777120822622108
164.2 0.4772922022279349
164.4 0.47658954584404456
164.6 0.476006855184233
164.8 0.4754241645244216
165.0 0.4747986289631534
165.2 0.4742416452442159
165.4 0.4737874892887746
165.6 0.47329048843187665
165.8 0.4727077977720651
166.0 0.47216795201371037
166.2 0.4716538131962297
166.4 0.47108826049700087
166.6 0.47062553556126824
166.8 0.4701371036846615
167.0 0.46972579263067693
167.2 0.4691259640102827
167.4 0.4686375321336761
167.6 0.4680805484147386
167.8 0.4675835475578406
168.0 0.46698371893744645
168.2 0.46656383890317055
168.4 0.4660325621251071
168.6 0.4655526992287918
168.8 0.4650728363324765
169.0 0.46452442159383034
169.2 0.46387317909168807
169.4 0.46332476435304204
169.6 0.46285347043701797
169.8 0.4622193658954584
170.0 0.46174807197943446
170.2 0.461191088260497
170.4 0.46060839760068556
170.6 0.4600171379605827
170.8 0.45940874035989715
171.0 0.45895458440445586
171.2 0.4584147386461011
171.4 0.4577634961439589
171.6 0.4572407883461868
171.8 0.45679520137103685
172.0 0.45626392459297344
172.2 0.45564695801199656
172.4 0.4551156812339332
172.6 0.45465295629820046
172.8 0.4540616966580977
173.0 0.4535047129391602
173.2 0.4529305912596401
173.4 0.4523650385604113
173.6 0.45184233076263924
173.8 0.4513710368466153
174.0 0.4508140531276778
174.2 0.4502913453299058
174.4 0.44964867180805485
174.6 0.4490145672664953
174.8 0.4485004284490146
175.0 0.44795201371036847
175.2 0.44745501285347045
175.4 0.44695801199657237
175.6 0.4462810625535561
175.8 0.44571550985432734
176.0 0.4452699228791774
176.2 0.44477292202227936
176.4 0.4442159383033419
176.6 0.4435904027420737
176.8 0.44293059125964007
177.0 0.4423393316195373
177.2 0.44168808911739504
177.4 0.44108826049700084
177.6 0.44060839760068554
177.8 0.43998286203941733
178.0 0.43945158526135386
178.2 0.43893744644387317
178.4 0.4384147386461011
178.6 0.4379777206512425
178.8 0.43743787489288777
179.0 0.43687232219365896
179.2 0.436229648671808
179.4 0.43569837189374466
179.6 0.435209940017138
179.8 0.43468723221936595
180.0 0.4341388174807198
180.2 0.4336760925449872
180.4 0.4331533847472151
180.6 0.43261353898886035
180.8 0.43205655526992287
181.0 0.4315766923736076
181.2 0.43103684661525277
181.4 0.4304027420736932
181.6 0.42999143101970866
181.8 0.4294601542416452
182.0 0.42897172236503855
182.2 0.42840616966580974
182.4 0.4280034275921165
182.6 0.4274293059125964
182.8 0.42675235646958015
183.0 0.4261096829477292
183.2 0.425484147386461
183.4 0.42494430162810626
183.6 0.42439588688946017
183.8 0.42377035132819196
184.0 0.4231533847472151
184.2 0.42269065981148246
184.4 0.42212510711225365
184.6 0.42159383033419023
184.8 0.4211139674378749
185.0 0.4205826906598115
185.2 0.42008568980291344
185.4 0.41963153384747215
185.6 0.41900599828620394
185.8 0.41853470437018
186.0 0.4180976863753213
186.2 0.4175578406169666
186.4 0.4170008568980291
186.6 0.4163838903170523
186.8 0.41589545844044556
187.0 0.41534704370179953
187.2 0.41481576692373606
187.4 0.41428449014567265
187.6 0.4136846615252785
187.8 0.4132133676092545
188.0 0.4126221079691517
188.2 0.412133676092545
188.4 0.4115938303341903
188.6 0.4110625535561268
188.8 0.41051413881748067
189.0 0.40990574121679524
189.2 0.40934018851756643
189.4 0.40882604970008574
189.6 0.40828620394173093
189.8 0.40769494430162806
190.0 0.40717223650385603
190.2 0.40668380462724935
190.4 0.4062125107112254
190.6 0.4055869751499571
190.8 0.4050471293916024
191.0 0.40445586975149955
191.2 0.40384747215081407
191.4 0.4033590402742074
191.6 0.40278491859468724
191.8 0.4021765209940017
192.0 0.4015681233933162
192.2 0.40101113967437874
192.4 0.40048843187660665
192.6 0.39988003427592117
192.8 0.3993401885175664
193.0 0.3988431876606684
193.2 0.398337617823479
193.4 0.3978577549271637
193.6 0.3973264781491002
193.8 0.3968466152527849
194.0 0.3962810625535561
194.2 0.3957583547557841
194.4 0.39524421593830333
194.6 0.394738646101114
194.8 0.3940959725792631
195.0 0.3935389888603256
195.2 0.39297343616109687
195.4 0.39235646958012
195.6 0.3917994858611825
195.8 0.3913367609254499
196.0 0.39084832904884315
196.2 0.3902827763496144
196.4 0.38967437874892885
196.6 0.389057412167952
196.8 0.38850899742930595
197.0 0.3879862896315338
197.2 0.3873607540702656
197.4 0.38682947729220224
197.6 0.38628963153384743
197.8 0.3857412167952014
198.0 0.3852013710368466
198.2 0.38467009425878324
198.4 0.38408740359897175
198.6 0.3835389888603256
198.8 0.38299914310197086
199.0 0.3824764353041988
199.2 0.38192802056555275
199.4 0.3813196229648672
199.6 0.3808397600685518
199.8 0.3801542416452442
200.0 0.3795372750642674
200.2 0.37897172236503857
200.4 0.3783547557840617
200.6 0.37774635818337615
200.8 0.3772750642673522
201.0 0.3767180805484147
201.2 0.37605826906598117
201.4 0.3755955441302485
201.6 0.3750042844901457
201.8 0.37454155955441304
202.0 0.37389031705227077
202.2 0.3734447300771208
202.4 0.3728449014567266
202.6 0.37234790059982864
202.8 0.3718594687232219
203.0 0.3712853470437018
203.2 0.37067694944301627
203.4 0.3702056555269923
203.6 0.3696829477292202
203.8 0.369083119108826
204.0 0.3685261353898886
204.2 0.3679605826906598
204.4 0.36753213367609255
204.6 0.36702656383890314
204.8 0.3665038560411311
205.0 0.36594687232219364
205.2 0.36526992287917737
205.4 0.364738646101114
205.6 0.36408740359897174
205.8 0.3635047129391602
206.0 0.3629134532990574
206.2 0.36245072836332476
206.4 0.36191088260497006
206.6 0.3613881748071979
206.8 0.3608997429305913
207.0 0.36032562125107115
207.2 0.35978577549271634
207.4 0.35923736075407026
207.6 0.35873179091688084
207.8 0.35813196229648675
208.0 0.3574807197943445
208.2 0.3570179948586118
208.4 0.35651242502142244
208.6 0.355981148243359
208.8 0.3553641816623822
209.0 0.35474721508140533
209.2 0.3541388174807198
209.4 0.3535818337617823
209.6 0.35301628106255356
209.8 0.35251071122536415
210.0 0.3520222793487575
210.2 0.35152527849185944
210.4 0.35098543273350474
210.6 0.35045415595544127
210.8 0.34999143101970864
211.0 0.34954584404455874
211.2 0.349057412167952
211.4 0.3485775492716367
211.6 0.34810625535561274
211.8 0.34750642673521853
212.0 0.34704370179948585
212.2 0.3465381319622965
212.4 0.345955441302485
212.6 0.3454241645244216
212.8 0.3449185946872322
213.0 0.3444387317909169
213.2 0.343847472150814
213.4 0.343299057412168
213.6 0.3427677806341045
213.8 0.3423136246786633
214.0 0.3417823479005998
214.2 0.34125107112253644
214.4 0.3407026563838903
214.6 0.34020565552699233
214.8 0.3396572407883462
215.0 0.33921165381319623
215.2 0.3386203941730934
215.4 0.33806341045415594
215.6 0.3375664095972579
215.8 0.3370865467009426
216.0 0.3363753213367609
216.2 0.33568980291345335
216.4 0.33525278491859467
216.6 0.3347215081405313
216.8 0.33413024850042844
217.0 0.33367609254498715
217.2 0.3331362467866324
217.4 0.33266495287060843
217.6 0.33213367609254496
217.8 0.33167952013710367
218.0 0.3311311053984576
218.2 0.33065124250214223
218.4 0.33018851756640966
218.6 0.32951156812339333
218.8 0.3289117395029992
219.0 0.3284575835475579
219.2 0.32781491002570695
219.4 0.32724935732647814
219.6 0.3267437874892888
219.8 0.32628963153384744
220.0 0.32567266495287056
220.2 0.3251413881748072
220.4 0.3246015424164524
220.6 0.3240616966580977
220.8 0.3235047129391602
221.0 0.3229305912596401
221.2 0.3223650385604113
221.4 0.3218937446443873
221.6 0.3213110539845758
221.8 0.320719794344473
222.0 0.32024850042844905
222.2 0.3196743787489289
222.4 0.31912596401028276
222.6 0.3185775492716367
222.8 0.3180976863753213
223.0 0.31754927163667523
223.2 0.3170865467009426
223.4 0.31654670094258786
223.6 0.3160497000856898
223.8 0.3154413024850043
224.0 0.3148500428449015
224.2 0.3143273350471294
224.4 0.3137017994858612
224.6 0.31319622964867183
224.8 0.3125878320479863
225.0 0.3121165381319623
225.2 0.3115509854327335
225.4 0.31112253641816623
225.6 0.3106855184233076
225.8 0.3101628106255356
226.0 0.30959725792630677
226.2 0.309057412167952
226.4 0.30858611825192805
226.6 0.3079691516709511
226.8 0.3073778920308483
227.0 0.306898029134533
227.2 0.306426735218509
227.4 0.3058697514995716
227.6 0.3054155955441302
227.8 0.30496143958868893
228.0 0.3044215938303342
228.2 0.30392459297343616
228.4 0.30336760925449874
228.6 0.302853470437018
228.8 0.30241645244215937
229.0 0.3018680377035133
229.2 0.30140531276778065
229.4 0.30095115681233936
229.6 0.30045415595544134
229.8 0.2999400171379606
230.0 0.2994858611825193
230.2 0.29897172236503855
230.4 0.29845758354755786
230.6 0.2978491859468723
230.8 0.29723221936589544
231.0 0.29671808054841475
231.2 0.29612682090831194
231.4 0.2956469580119966
231.6 0.2952013710368466
231.8 0.2946958011996572
232.0 0.29419023136246786
232.2 0.2936075407026564
232.4 0.293101970865467
232.6 0.2925964010282776
232.8 0.29209083119108825
233.0 0.2916538131962297
233.2 0.29127677806341046
233.4 0.2907540702656384
233.6 0.29019708654670096
233.8 0.289751499571551
234.0 0.2892287917737789
234.2 0.2887660668380463
234.4 0.2882776349614396
234.6 0.2878063410454156
234.8 0.28730934018851756
235.0 0.28684661525278493
235.2 0.2863496143958869
235.4 0.2857754927163667
235.6 0.2852270779777206
235.8 0.28471293916023993
236.0 0.28432733504712937
236.2 0.28388174807197947
236.4 0.28343616109682945
236.6 0.28288774635818337
236.8 0.28251928020565553
237.0 0.28209083119108824
237.2 0.2815595544130248
237.4 0.28098543273350474
237.6 0.280471293916024
237.8 0.28002570694087403
238.0 0.2795458440445587
238.2 0.27908311910882605
238.4 0.27861182519280203
238.6 0.27808054841473867
238.8 0.2776006855184233
239.0 0.2770951156812339
239.2 0.27652956298200515
239.4 0.2760925449871465
239.6 0.27564695801199657
239.8 0.2751928020565553
240.0 0.2747386461011139
240.2 0.2744387317909169
240.4 0.2738903170522708
240.6 0.2732990574121679
240.8 0.27276778063410456
241.0 0.2723136246786632
241.2 0.2718508997429306
241.4 0.2713967437874893
241.6 0.27089974293059127
241.8 0.27030848329048845
242.0 0.2698543273350471
242.2 0.26931448157669235
242.4 0.2687746358183376
242.6 0.2682862039417309
242.8 0.26779777206512423
243.0 0.2672664952870608
243.2 0.2668123393316196
243.4 0.2662810625535561
243.6 0.26584404455869753
243.8 0.2654413024850043
244.0 0.26505569837189374
244.2 0.2646872322193659
244.4 0.2642159383033419
244.6 0.26371036846615253
244.8 0.2631790916880891
245.0 0.2627163667523565
245.2 0.2620908311910883
245.4 0.26163667523564693
245.6 0.26113967437874896
245.8 0.2606512425021423
246.0 0.26014567266495287
246.2 0.259751499571551
246.4 0.25922022279348755
246.6 0.2586546700942588
246.8 0.2582604970008569
247.0 0.25772065124250215
247.2 0.25723221936589546
247.4 0.2567437874892888
247.6 0.2563838903170523
247.8 0.25595544130248504
248.0 0.255484147386461
248.2 0.254987146529563
248.4 0.25450728363324765
248.6 0.25394173093401884
248.8 0.2534961439588689
249.0 0.2529905741216795
249.2 0.25251928020565556
249.4 0.25197943444730075
249.6 0.25149957155098546
249.8 0.2510368466152528
250.0 0.2505912596401028
250.2 0.25007712082262207
250.4 0.24967437874892887
250.6 0.24920308483290488
250.8 0.2487746358183376
251.0 0.24842330762639248
251.2 0.24801199657240786
251.4 0.24751499571550986
251.6 0.2470522707797772
251.8 0.246649528706084
252.0 0.2461610968294773
252.2 0.24569837189374463
252.4 0.2452013710368466
252.6 0.24466152527849186
252.8 0.2442502142245073
253.0 0.24375321336760927
253.2 0.24321336760925452
253.4 0.24276778063410454
253.6 0.24231362467866321
253.8 0.24186803770351328
254.0 0.24137103684661526
254.2 0.2408911739502999
254.4 0.24029134532990576
254.6 0.23977720651242504
254.8 0.23939160239931445
255.0 0.23883461868037703
255.2 0.23853470437017996
255.4 0.23809768637532133
255.6 0.23767780634104543
255.8 0.23723221936589545
256.0 0.23674378748928876
256.2 0.23631533847472153
256.4 0.23582690659811484
256.6 0.23541559554413025
256.8 0.23483290488431877
257.0 0.23434447300771208
257.2 0.23389888603256215
257.4 0.23338474721508143
257.6 0.23284490145672668
257.8 0.23240788346186803
258.0 0.23186803770351327
258.2 0.2314738646101114
258.4 0.23099400171379605
258.6 0.2305484147386461
258.8 0.2300599828620394
259.0 0.22966580976863754
259.2 0.22922879177377894
259.4 0.22881748071979435
259.6 0.228337617823479
259.8 0.2279005998286204
260.0 0.22749785775492715
260.2 0.2269751499571551
260.4 0.22652956298200513
260.6 0.22605826906598114
260.8 0.2256555269922879
261.0 0.22522707797772065
261.2 0.22476435304198802
261.4 0.22418166238217652
261.6 0.22373607540702659
261.8 0.22325621251071123
262.0 0.22281062553556125
262.2 0.22241645244215938
262.4 0.22197086546700942
262.6 0.22153384747215082
262.8 0.22097686375321338
263.0 0.22051413881748072
263.2 0.22013710368466152
263.4 0.21974293059125966
263.6 0.21918594687232218
263.8 0.21876606683804628
264.0 0.21839760068551844
264.2 0.2179605826906598
264.4 0.21762639245929732
264.6 0.21722365038560412
264.8 0.21691516709511569
265.0 0.2164095972579263
265.2 0.2159897172236504
265.4 0.21563838903170524
265.6 0.21519280205655528
265.8 0.2148414738646101
266.0 0.2144644387317909
266.2 0.21403598971722362
266.4 0.21358183376178236
266.6 0.21308483290488434
266.8 0.21266495287060838
267.0 0.21225364181662382
267.2 0.2117223650385604
267.4 0.2113624678663239
267.6 0.2110197086546701
267.8 0.2105484147386461
268.0 0.21016281062553557
268.2 0.20986289631533847
268.4 0.2094687232219366
268.6 0.20908311910882607
268.8 0.2087317909168809
269.0 0.20827763496143958
269.2 0.20784061696658096
269.4 0.20733504712939163
269.6 0.20683804627249358
269.8 0.20641816623821765
270.0 0.20599828620394173
270.2 0.2055784061696658
270.4 0.20514995715509854
270.6 0.20475578406169667
270.8 0.20431876606683805
271.0 0.20387317909168806
271.2 0.20353898886032565
271.4 0.20302485004284493
271.6 0.2026478149100257
271.8 0.20230505569837187
272.0 0.20182519280205657
272.2 0.20141388174807198
272.4 0.20104541559554412
272.6 0.20057412167952013
272.8 0.20015424164524423
273.0 0.1998286203941731
273.2 0.19930591259640104
273.4 0.19886032562125106
273.6 0.19841473864610112
273.8 0.19798628963153383
274.0 0.1976006855184233
274.2 0.19715509854327334
274.4 0.19669237360754072
274.6 0.19628963153384746
274.8 0.1958783204798629
275.0 0.19541559554413024
275.2 0.19503856041131104
275.4 0.19460154241645244
275.6 0.19422450728363327
275.8 0.19384747215081405
276.0 0.19349614395886888
276.2 0.19317052270779775
276.4 0.19277634961439588
276.6 0.19232219365895456
276.8 0.19190231362467866
277.0 0.19157669237360753
277.2 0.19121679520137103
277.4 0.1908654670094259
277.6 0.19035132819194517
277.8 0.19
278.0 0.18954584404455868
278.2 0.18924592973436163
278.4 0.18886032562125105
278.6 0.18850042844901455
278.8 0.1882005141388175
279.0 0.1878320479862896
279.2 0.18738646101113968
279.4 0.18701799485861184
279.6 0.18656383890317052
279.8 0.18621251071122535
280.0 0.18586118251928022
280.2 0.185458440445587
280.4 0.18508140531276776
280.6 0.18474721508140532
280.8 0.1842502142245073
281.0 0.18385604113110537
281.2 0.1834018851756641
281.4 0.18299057412167952
281.6 0.18260497000856898
281.8 0.18203084832904884
282.0 0.18167095115681234
282.2 0.18131105398457584
282.4 0.18089974293059125
282.6 0.1804198800342759
282.8 0.17991431019708656
283.0 0.17953727506426734
283.2 0.17926306769494432
283.4 0.17892887746358185
283.6 0.17858611825192802
283.8 0.1782005141388175
284.0 0.17782347900599826
284.2 0.17742073693230506
284.4 0.17702656383890317
284.6 0.17664095972579263
284.8 0.17618680377035134
285.0 0.17574978577549272
285.2 0.17540702656383889
285.4 0.17500428449014568
285.6 0.17466152527849185
285.8 0.17429305912596402
286.0 0.17387317909168806
286.2 0.17353041988003426
286.4 0.17316195372750642
286.6 0.1729134532990574
286.8 0.17253641816623821
287.0 0.17212510711225362
287.2 0.17179948586118252
287.4 0.1713796058269066
287.6 0.17104541559554412
287.8 0.1706598114824336
288.0 0.17030848329048845
288.2 0.16994858611825195
288.4 0.16956298200514136
288.6 0.16927163667523565
288.8 0.16891173950299915
289.0 0.16857754927163668
289.2 0.16817480719794342
289.4 0.16778063410454155
289.6 0.16742073693230505
289.8 0.16707797772065125
290.0 0.16669237360754072
290.2 0.16634104541559555
290.4 0.16601542416452442
290.6 0.1656898029134533
290.8 0.16528706083976008
291.0 0.16498714652956298
291.2 0.16463581833761784
291.4 0.16432733504712937
291.6 0.16395886889460154
291.8 0.163573264781491
292.0 0.16324764353041987
292.2 0.16288774635818337
292.4 0.1625535561268209
292.6 0.16223650385604113
292.8 0.1617395029991431
293.0 0.16140531276778064
293.2 0.16104541559554414
293.4 0.1607626392459297
293.6 0.16046272493573266
293.8 0.16
294.0 0.15976006855184233
294.2 0.15941730934018852
294.4 0.15906598114824336
294.6 0.15876606683804628
294.8 0.15846615252784918
295.0 0.15815766923736077
295.2 0.15767780634104542
295.4 0.15733504712939161
295.6 0.15695801199657242
295.8 0.15659811482433592
296.0 0.15619537275064269
296.2 0.1558011996572408
296.4 0.15547557840616968
296.6 0.15515852613538988
296.8 0.15486718080548414
297.0 0.15454155955441304
297.2 0.15425021422450727
297.4 0.1538389031705227
297.6 0.1534447300771208
297.8 0.15306769494430164
298.0 0.15275064267352184
298.2 0.15237360754070267
298.4 0.1519880034275921
298.6 0.15167095115681234
298.8 0.15135389888603257
299.0 0.15101113967437876
299.2 0.1506255355612682
299.4 0.15029134532990573
299.6 0.14991431019708654
299.8 0.14950299914310197
300.0 0.14916023993144814
300.2 0.14874035989717224
300.4 0.148337617823479
300.6 0.14804627249357327
300.8 0.14775492716366753
301.0 0.14747215081405313
301.2 0.14711225364181663
301.4 0.14682090831191089
301.6 0.14642673521850902
301.8 0.1460497000856898
302.0 0.14568123393316196
302.2 0.14533847472150815
302.4 0.14500428449014569
302.6 0.14468723221936589
302.8 0.14434447300771208
303.0 0.1440102827763496
303.2 0.14365895458440445
303.4 0.14341045415595544
303.6 0.1430077120822622
303.8 0.14269922879177377
304.0 0.14235646958011997
304.2 0.14209083119108826
304.4 0.14179948586118252
304.6 0.14141388174807198
304.8 0.1410368466152528
305.0 0.14069408740359898
305.2 0.14037703513281918
305.4 0.14000856898029135
305.6 0.13970865467009427
305.8 0.13940017137960584
306.0 0.13904027420736934
306.2 0.1387146529562982
306.4 0.13836332476435304
306.6 0.1380719794344473
306.8 0.13772065124250216
307.0 0.13731790916880893
307.2 0.13692373607540703
307.4 0.13660668380462726
307.6 0.13629820051413882
307.8 0.1359725792630677
308.0 0.13566409597257928
308.2 0.1353727506426735
308.4 0.13508140531276777
308.6 0.1348414738646101
308.8 0.13450728363324763
309.0 0.13414738646101113
309.2 0.13383890317052272
309.4 0.13351328191945158
309.6 0.13316195372750644
309.8 0.1329134532990574
310.0 0.1325535561268209
310.2 0.13218508997429304
310.4 0.13193658954584403
310.6 0.1315509854327335
310.8 0.13121679520137103
311.0 0.1308483290488432
311.2 0.13066838046272494
311.4 0.1303598971722365
311.6 0.13003427592116537
311.8 0.12972579263067696
312.0 0.12944301628106256
312.2 0.12913453299057412
312.4 0.12885175664095974
312.6 0.12847472150814052
312.8 0.1281319622964867
313.0 0.12784918594687233
313.2 0.12757497857754926
313.4 0.12731790916880892
313.6 0.12699228791773778
313.8 0.12668380462724937
314.0 0.1263496143958869
314.2 0.12604113110539847
314.4 0.12572407883461867
314.6 0.12541559554413026
314.8 0.1250642673521851
315.0 0.12480719794344473
315.2 0.12456726649528706
315.4 0.12427592116538133
315.6 0.12394173093401886
315.8 0.12361610968294773
316.0 0.12337617823479005
316.2 0.12304198800342758
316.4 0.12277634961439589
316.6 0.12253641816623821
316.8 0.1222107969151671
317.0 0.12191088260497
317.2 0.12163667523564696
317.4 0.12135389888603257
317.6 0.12111396743787489
317.8 0.1208140531276778
318.0 0.12055698371893744
318.2 0.12028277634961439
318.4 0.11999143101970866
318.6 0.11965724078834619
318.8 0.11939160239931448
319.0 0.11919451585261355
319.2 0.11878320479862897
319.4 0.11838903170522708
319.6 0.11811482433590402
319.8 0.11779777206512425
320.0 0.11739502999143102
320.2 0.1170694087403599
320.4 0.11672664952870608
320.6 0.11643530419880035
320.8 0.11621251071122536
321.0 0.11594687232219365
321.2 0.11571550985432733
321.4 0.11546700942587831
321.6 0.11516709511568124
321.8 0.11485004284490145
322.0 0.11458440445586975
322.2 0.11429305912596402
322.4 0.11402742073693231
322.6 0.1137446443873179
322.8 0.11349614395886891
323.0 0.11318766066838046
323.2 0.11286203941730934
323.4 0.1125878320479863
323.6 0.11227934875749784
323.8 0.11198800342759212
324.0 0.11163667523564696
324.2 0.11137103684661526
324.4 0.11105398457583547
324.6 0.11078834618680376
324.8 0.11058269065981148
325.0 0.11030848329048844
325.2 0.11006855184233076
325.4 0.1098286203941731
325.6 0.1094515852613539
325.8 0.10915167095115681
326.0 0.10886889460154242
326.2 0.10857754927163667
326.4 0.1082604970008569
326.6 0.10795201371036846
326.8 0.10772922022279349
327.0 0.10749785775492716
327.2 0.10718080548414738
327.4 0.10684661525278491
327.6 0.10664095972579263
327.8 0.10636675235646958
328.0 0.10610968294772923
328.2 0.10590402742073693
328.4 0.10557840616966581
328.6 0.1052956298200514
328.8 0.10506426735218509
329.0 0.10482433590402743
329.2 0.10444730077120823
329.4 0.10413024850042846
329.6 0.10389031705227078
329.8 0.10366752356469582
330.0 0.10341902313624679
330.2 0.10316195372750643
330.4 0.10287917737789203
330.6 0.1026649528706084
330.8 0.10241645244215938
331.0 0.10204798628963153
331.2 0.10180805484147387
331.4 0.10155955441302485
331.6 0.10125964010282777
331.8 0.1009854327335047
332.0 0.10078834618680377
332.2 0.10051413881748072
332.4 0.10017137960582691
332.6 0.09994001713796058
332.8 0.09970865467009427
333.0 0.09947729220222794
333.2 0.09925449871465294
333.4 0.09894601542416454
333.6 0.09870608397600686
333.8 0.09842330762639247
334.0 0.09817480719794344
334.2 0.0979005998286204
334.4 0.09760925449871465
334.6 0.09738646101113968
334.8 0.097146529562982
335.0 0.09689802913453299
335.2 0.09662382176520995
335.4 0.09632390745501285
335.6 0.0961439588688946
335.8 0.09590402742073692
336.0 0.09564695801199657
336.2 0.09533847472150814
336.4 0.09512425021422449
336.6 0.09491859468723222
336.8 0.09473864610111397
337.0 0.09447300771208227
337.2 0.0942159383033419
337.4 0.09403598971722366
337.6 0.0938560411311054
337.8 0.0935561268209083
338.0 0.09326478149100258
338.2 0.09303341902313625
338.4 0.09278491859468722
338.6 0.09248500428449015
338.8 0.09224507283633247
339.0 0.09195372750642675
339.2 0.09176520994001713
339.4 0.09148243359040274
339.6 0.09126820908311911
339.8 0.09105398457583547
340.0 0.09085689802913453
340.2 0.0906255355612682
340.4 0.09034275921165381
340.6 0.09017137960582691
340.8 0.08997429305912596
341.0 0.0897172236503856
341.2 0.08941730934018852
341.4 0.08916023993144816
341.6 0.08898886032562124
341.8 0.08866323907455012
342.0 0.08844901456726649
342.2 0.08821765209940016
342.4 0.08804627249357326
342.6 0.08772922022279349
342.8 0.08754927163667524
343.0 0.08733504712939161
343.2 0.08714652956298201
343.4 0.08694944301628107
343.6 0.08669237360754072
343.8 0.08635818337617823
344.0 0.08609254498714654
344.2 0.08585261353898886
344.4 0.0855955441302485
344.6 0.08541559554413025
344.8 0.08511568123393315
345.0 0.08491859468723222
345.2 0.08468723221936589
345.4 0.08449014567266495
345.6 0.08427592116538132
345.8 0.08411311053984577
346.0 0.08388174807197943
346.2 0.08362467866323907
346.4 0.08335047129391603
346.6 0.08317052270779778
346.8 0.08291345329905742
347.0 0.08263924592973437
347.2 0.08241645244215938
347.4 0.0821765209940017
347.6 0.08197086546700943
347.8 0.0816452442159383
348.0 0.08144815766923737
348.2 0.08127677806341045
348.4 0.08107969151670952
348.6 0.08087403598971722
348.8 0.08067694944301629
349.0 0.08050556983718937
349.2 0.08026563838903171
349.4 0.08010282776349614
349.6 0.07983718937446443
349.8 0.07955441302485004
350.0 0.07927163667523565
350.2 0.07900599828620394
350.4 0.07886032562125107
350.6 0.07858611825192802
350.8 0.07830334190231363
351.0 0.07805484147386461
351.2 0.07782347900599829
351.4 0.07762639245929734
351.6 0.07736075407026564
351.8 0.07715509854327335
352.0 0.0768808911739503
352.2 0.07671808054841474
352.4 0.07649528706083976
352.6 0.07634104541559554
352.8 0.07615252784918596
353.0 0.07591259640102828
353.2 0.07575835475578406
353.4 0.07559554413024851
353.6 0.0754070265638389
353.8 0.07520137103684661
354.0 0.0749528706083976
354.2 0.074764353041988
354.4 0.07453299057412167
354.6 0.07426735218508998
354.8 0.07407883461868038
355.0 0.0739502999143102
355.2 0.07374464438731791
355.4 0.07352185089974293
355.6 0.0732904884318766
355.8 0.07299914310197086
356.0 0.07282776349614396
356.2 0.07263924592973436
356.4 0.0724935732647815
356.6 0.0722879177377892
356.8 0.0721165381319623
357.0 0.07191945158526136
357.2 0.07167952013710369
357.4 0.07142245072836333
357.6 0.0712082262210797
357.8 0.07098543273350472
358.0 0.07079691516709512
358.2 0.07068551842330763
358.4 0.07051413881748073
358.6 0.07033419023136248
358.8 0.07013710368466153
359.0 0.06996572407883461
359.2 0.06962296486718081
359.4 0.06939160239931448
359.6 0.06917737789203085
359.8 0.0689974293059126
360.0 0.06876606683804627
360.2 0.0686203941730934
360.4 0.0684490145672665
360.6 0.06832047986289631
360.8 0.06814910025706941
361.0 0.06795201371036846
361.2 0.06777206512425021
361.4 0.06758354755784061
361.6 0.06736075407026564
361.8 0.06720651242502142
362.0 0.0669751499571551
362.2 0.0667694944301628
362.4 0.06662382176520994
362.6 0.06644387317909169
362.8 0.06625535561268209
363.0 0.06601542416452442
363.2 0.06580976863753213
363.4 0.06562982005141388
363.6 0.06538988860325622
363.8 0.06518423307626392
364.0 0.06502999143101972
364.2 0.06491002570694088
364.4 0.06473007712082263
364.6 0.06454155955441303
364.8 0.06439588688946016
365.0 0.06410454155955442
365.2 0.06392459297343617
365.4 0.06375321336760925
365.6 0.06356469580119967
365.8 0.06338474721508142
366.0 0.06318766066838047
366.2 0.06303341902313625
366.4 0.06287917737789203
366.6 0.06268209083119108
366.8 0.06248500428449015
367.0 0.06227934875749786
367.2 0.06209940017137961
367.4 0.06190231362467866
367.6 0.06171379605826907
367.8 0.061525278491859466
368.0 0.061388174807197944
368.2 0.061165381319622965
368.4 0.061019708654670095
368.6 0.06079691516709511
368.8 0.060582690659811485
369.0 0.06040274207369323
369.2 0.060197086546700945
369.4 0.06
369.6 0.059811482433590406
369.8 0.05967437874892887
370.0 0.05948586118251928
370.2 0.05928877463581833
370.4 0.059160239931448165
370.6 0.0589974293059126
370.8 0.058808911739503
371.0 0.0586203941730934
371.2 0.05845758354755784
371.4 0.05820908311910882
371.6 0.05799485861182519
371.8 0.05783204798628963
372.0 0.05770351328191945
372.2 0.05756640959725793
372.4 0.05734361610968294
372.6 0.05714652956298201
372.8 0.05694944301628106
373.0 0.056735218508997425
373.2 0.05653813196229649
373.4 0.056349614395886885
373.6 0.0561439588688946
373.8 0.05598114824335904
374.0 0.055784061696658095
374.2 0.0555955441302485
374.4 0.055424164524421594
374.6 0.055209940017137964
374.8 0.055072836332476435
375.0 0.054910025706940875
375.2 0.054764353041988005
375.4 0.054567266495287065
375.6 0.054421593830334195
375.8 0.05432733504712939
376.0 0.05418166238217652
376.2 0.054087403598971726
376.4 0.05397600685518423
376.6 0.053830334190231366
376.8 0.05358183376178235
377.0 0.053444730077120826
377.2 0.0533076263924593
377.4 0.05311053984575835
377.6 0.05290488431876606
377.8 0.05269922879177378
378.0 0.05251071122536418
378.2 0.05234790059982861
378.4 0.05220222793487575
378.6 0.05205655526992288
378.8 0.05179948586118252
379.0 0.05163667523564696
379.2 0.05153384747215082
379.4 0.05133676092544987
379.6 0.05110539845758355
379.8 0.05097686375321337
380.0 0.050754070265638385
380.2 0.05062553556126821
380.4 0.050522707797772064
380.6 0.050351328191945155
380.8 0.050188517566409595
381.0 0.050017137960582686
381.2 0.04989717223650386
381.4 0.049700085689802914
381.6 0.049485861182519277
381.8 0.049365895458440445
382.0 0.049211653813196234
382.2 0.049083119108826054
382.4 0.048911739502999145
382.6 0.04872322193658954
382.8 0.048611825192802056
383.0 0.048474721508140535
383.2 0.0483547557840617
383.4 0.048217652099400175
383.6 0.048011996572407886
383.8 0.04789203084832905
384.0 0.04772922022279349
384.2 0.04763496143958869
384.4 0.04751499571550985
384.6 0.04736075407026564
384.8 0.04724078834618681
385.0 0.04707797772065124
385.2 0.04689802913453299
385.4 0.04677806341045415
385.6 0.04664095972579263
385.8 0.04651242502142245
386.0 0.04641816623821765
386.2 0.04627249357326479
386.4 0.04610111396743788
386.6 0.04599828620394173
386.8 0.0458611825192802
387.0 0.04568123393316195
387.2 0.04550985432733505
387.4 0.04537275064267352
387.6 0.04525278491859469
387.8 0.04509854327335047
388.0 0.04492716366752356
388.2 0.044832904884318764
388.4 0.04472150814053128
388.6 0.04456726649528706
388.8 0.044353041988003425
389.0 0.04418166238217652
389.2 0.04407883461868038
389.4 0.043984575835475576
389.6 0.04381319622964867
389.8 0.043736075407026564
390.0 0.04361610968294773
390.2 0.04350471293916024
390.4 0.043350471293916025
390.6 0.043264781491002574
390.8 0.0431191088260497
391.0 0.042999143101970866
391.2 0.04293916023993145
391.4 0.042836332476435306
391.6 0.042673521850899745
391.8 0.04256212510711225
392.0 0.042399314481576696
392.2 0.04225364181662382
392.4 0.042193658954584407
392.6 0.04207369323050557
392.8 0.04197086546700943
393.0 0.041833761782347906
393.2 0.04172236503856041
393.4 0.04158526135389889
393.6 0.041448157669237366
393.8 0.04130248500428449
394.0 0.04122536418166238
394.2 0.04107969151670951
394.4 0.04086546700942588
394.6 0.04075407026563838
394.8 0.04059125964010283
395.0 0.04040274207369323
395.2 0.04023993144815767
395.4 0.040145672664952864
395.6 0.04004284490145673
395.8 0.03992287917737789
396.0 0.03978577549271636
396.2 0.03967437874892888
396.4 0.039528706083976003
396.6 0.039400171379605824
396.8 0.03928020565552699
397.0 0.039143101970865464
397.2 0.038963153384747214
397.4 0.038851756640959724
397.6 0.03874035989717224
397.8 0.03861182519280206
398.0 0.03849185946872322
398.2 0.038371893744644385
398.4 0.038243359040274205
398.6 0.03811482433590403
398.8 0.037952013710368465
399.0 0.037806341045415595
399.2 0.037660668380462725
399.4 0.037514995715509855
399.6 0.037369323050556985
399.8 0.037232219365895464
400.0 0.03707797772065124
400.2 0.03695801199657241
400.4 0.036760925449871466
400.6 0.036675235646958015
400.8 0.036546700942587836
401.0 0.03640102827763496
401.2 0.036289631533847476
401.4 0.03619537275064267
401.6 0.03610968294772922
401.8 0.03599828620394173
402.0 0.03592973436161097
402.2 0.03579263067694945
402.4 0.03563838903170523
402.6 0.03553556126820909
402.8 0.03546700942587832
403.0 0.03532133676092545
403.2 0.03516709511568124
403.4 0.03507283633247643
403.6 0.03488431876606684
403.8 0.03474721508140531
404.0 0.03465295629820051
404.2 0.03455012853470437
404.4 0.03443873179091688
404.6 0.03430162810625536
404.8 0.03419880034275921
405.0 0.03406169665809768
405.2 0.03397600685518423
405.4 0.03387317909168809
405.6 0.03377892030848329
405.8 0.03359897172236504
406.0 0.03350471293916024
406.2 0.03341902313624679
406.4 0.03328191945158526
406.6 0.03317909168808912
406.8 0.03305912596401028
407.0 0.032939160239931445
407.2 0.03284490145672665
407.4 0.032724935732647814
407.6 0.032562125107112254
407.8 0.03240788346186804
408.0 0.032322193658954584
408.2 0.032227934875749785
408.4 0.03216795201371037
408.6 0.032056555269922876
408.8 0.031928020565552696
409.0 0.031850899742930594
409.2 0.031722365038560414
409.4 0.031602399314481576
409.6 0.031516709511568125
409.8 0.031353898886032565
410.0 0.031311053984575836
410.2 0.031191088260497
410.4 0.031088260497000853
410.6 0.030985432733504716
410.8 0.030882604970008568
411.0 0.030779777206512423
411.2 0.03067694944301628
411.4 0.030591259640102827
411.6 0.030497000856898028
411.8 0.030368466152527848
412.0 0.03023993144815767
412.2 0.030059982862039418
412.4 0.029931448157669238
412.6 0.029828620394173094
412.8 0.02974293059125964
413.0 0.029640102827763495
413.2 0.029520137103684663
413.4 0.02941730934018852
413.6 0.029331619537275064
413.8 0.02922879177377892
414.0 0.029083119108826046
414.2 0.028946015424164525
414.4 0.02886889460154242
414.6 0.028774635818337616
414.8 0.028654670094258785
415.0 0.028526135389888605
415.2 0.02836332476435304
415.4 0.028269065981148245
415.6 0.028174807197943443
415.8 0.02811482433590403
416.0 0.028011996572407886
416.2 0.02792630676949443
416.4 0.027789203084832903
416.6 0.02770351328191945
416.8 0.027617823479005998
417.0 0.02748928877463582
417.2 0.027412167952013712
417.4 0.027283633247643532
417.6 0.027180805484147384
417.8 0.027112253641816624
418.0 0.02699228791773779
418.2 0.026863753213367605
418.4 0.026760925449871468
418.6 0.026666666666666665
418.8 0.02658954584404456
419.0 0.02646101113967438
419.2 0.0263324764353042
419.4 0.026246786632390745
419.6 0.026118251928020565
419.8 0.026066838046272495
420.0 0.02599828620394173
420.2 0.025844044558697515
420.4 0.02574121679520137
420.6 0.025681233933161955
420.8 0.025621251071122536
421.0 0.02544987146529563
421.2 0.02537275064267352
421.4 0.025252784918594687
421.6 0.025175664095972577
421.8 0.025072836332476433
422.0 0.02493573264781491
422.2 0.024841473864610112
422.4 0.024798628963153387
422.6 0.024712939160239932
422.8 0.024601542416452446
423.0 0.02451585261353899
423.2 0.024438731790916882
423.4 0.024301628106255357
423.6 0.02423307626392459
423.8 0.02414738646101114
424.0 0.024087403598971723
424.2 0.023950299914310195
424.4 0.02383890317052271
424.6 0.02377892030848329
424.8 0.02372750642673522
425.0 0.02360754070265638
425.2 0.023513281919451585
425.4 0.02348757497857755
425.6 0.02341902313624679
425.8 0.02335047129391602
426.0 0.02326478149100257
426.2 0.023187660668380464
426.4 0.023076263924592975
426.6 0.022947729220222795
426.8 0.022810625535561267
427.0 0.02273350471293916
427.2 0.0226649528706084
427.4 0.022596401028277632
427.6 0.022519280205655526
427.8 0.022450728363324766
428.0 0.022356469580119963
428.2 0.022262210796915167
428.4 0.02216795201371037
428.6 0.02210796915167095
428.8 0.022013710368466152
429.0 0.021936589545844046
429.2 0.021876606683804627
429.4 0.02178234790059983
429.6 0.021662382176520993
429.8 0.02155955441302485
430.0 0.021482433590402743
430.2 0.02139674378748929
430.4 0.02131962296486718
430.6 0.021216795201371035
430.8 0.021165381319622964
431.0 0.021045415595544133
431.2 0.02095972579263068
431.4 0.020916880891173953
431.6 0.020839760068551844
431.8 0.02075407026563839
432.0 0.020651242502142245
432.2 0.020608397600685516
432.4 0.020471293916023994
432.6 0.020351328191945156
432.8 0.02027420736932305
433.0 0.02017994858611825
433.2 0.02012853470437018
433.4 0.020094258783204796
433.6 0.020034275921165384
433.8 0.01996572407883462
434.0 0.019880034275921166
434.2 0.01982862039417309
434.4 0.019768637532133676
434.6 0.019734361610968296
434.8 0.01959725792630677
435.0 0.019554413024850045
435.2 0.019477292202227933
435.4 0.019383033419023137
435.6 0.01930591259640103
435.8 0.019228791773778918
436.0 0.019151670951156812
436.2 0.019125964010282777
436.4 0.019048843187660668
436.6 0.018980291345329903
436.8 0.018877463581833762
437.0 0.018817480719794343
437.2 0.018714652956298202
437.4 0.018594687232219367
437.6 0.01847472150814053
437.8 0.018397600685518423
438.0 0.018286203941730934
438.2 0.018226221079691515
438.4 0.01813196229648672
438.6 0.018029134532990574
438.8 0.017960582690659813
439.0 0.017866323907455014
439.2 0.017789203084832905
439.4 0.0177120822622108
439.6 0.017660668380462725
439.8 0.017600685518423306
440.0 0.017514995715509855
440.2 0.017403598971722365
440.4 0.017326478149100256
440.6 0.017257926306769495
440.8 0.01717223650385604
441.0 0.01707797772065124
441.2 0.017017994858611826
441.4 0.016940874035989716
441.6 0.01686375321336761
441.8 0.01673521850899743
442.0 0.01667523564695801
442.2 0.016555269922879177
442.4 0.016443873179091687
442.6 0.01636675235646958
442.8 0.016255355612682088
443.0 0.016152527849185947
443.2 0.016058269065981148
443.4 0.016006855184233074
443.6 0.015964010282776348
443.8 0.015869751499571552
444.0 0.015784061696658098
444.2 0.015706940874035992
444.4 0.0155955441302485
444.6 0.015501285347043703
444.8 0.01541559554413025
445.0 0.015372750642673523
445.2 0.015295629820051414
445.4 0.015244215938303343
445.6 0.015175664095972579
445.8 0.015115681233933163
446.0 0.01506426735218509
446.2 0.014978577549271637
446.4 0.014875749785775492
446.6 0.014824335904027422
446.8 0.014781491002570694
447.0 0.014721508140531277
447.2 0.014635818337617823
447.4 0.014567266495287062
447.6 0.014524421593830335
447.8 0.014430162810625535
448.0 0.014361610968294773
448.2 0.014284490145672665
448.4 0.01418166238217652
448.6 0.014130248500428448
448.8 0.014113110539845758
449.0 0.01403598971722365
449.2 0.013984575835475578
449.4 0.013924592973436161
449.6 0.013864610111396745
449.8 0.013804627249357326
450.0 0.013753213367609254
450.2 0.013718937446443874
450.4 0.01363324764353042
450.6 0.013564695801199657
450.8 0.013479005998286204
451.0 0.01337617823479006
451.2 0.013367609254498716
451.4 0.013316195372750644
451.6 0.013256212510711225
451.8 0.013213367609254498
452.0 0.013144815766923737
452.2 0.013084832904884318
452.4 0.013016281062553557
452.6 0.012930591259640103
452.8 0.012887746358183376
453.0 0.012853470437017995
453.2 0.012767780634104543
453.4 0.012699228791773778
453.6 0.012656383890317053
453.8 0.012613538988860327
454.0 0.012553556126820908
454.2 0.012510711225364181
454.4 0.01249357326478149
454.6 0.012425021422450729
454.8 0.012399314481576693
455.0 0.012322193658954584
455.2 0.012279348757497859
455.4 0.012227934875749786
455.6 0.012185089974293059
455.8 0.012142245072836334
456.0 0.012065124250214226
456.2 0.011996572407883462
456.4 0.011953727506426735
456.6 0.011910882604970007
456.8 0.011825192802056555
457.0 0.011773778920308484
457.2 0.011722365038560412
457.4 0.011653813196229648
457.6 0.011619537275064267
457.8 0.01155955441302485
458.0 0.011499571550985433
458.2 0.01146529562982005
458.4 0.01143101970865467
458.6 0.011362467866323906
458.8 0.01133676092544987
459.0 0.011285347043701799
459.2 0.011199657240788346
459.4 0.011122536418166238
459.6 0.011071122536418166
459.8 0.011002570694087404
460.0 0.010942587832047984
460.2 0.010899742930591259
460.4 0.010831191088260497
460.6 0.010719794344473009
460.8 0.010685518423307627
461.0 0.01062553556126821
461.2 0.010599828620394174
461.4 0.01053127677806341
461.6 0.010471293916023994
461.8 0.010419880034275922
462.0 0.010394173093401887
462.2 0.010342759211653814
462.4 0.010308483290488432
462.6 0.010248500428449015
462.8 0.010197086546700942
463.0 0.01012853470437018
463.2 0.010077120822622108
463.4 0.010042844901456727
463.6 0.009974293059125963
463.8 0.00996572407883462
464.0 0.009914310197086546
464.2 0.00987146529562982
464.4 0.00985432733504713
464.6 0.009820051413881748
464.8 0.009785775492716366
465.0 0.009777206512425023
465.2 0.009717223650385605
465.4 0.009691516709511568
465.6 0.009665809768637533
465.8 0.009631533847472151
466.0 0.009588688946015424
466.2 0.009545844044558698
466.4 0.009477292202227934
466.6 0.009425878320479862
466.8 0.009357326478149101
467.0 0.009305912596401029
467.2 0.009280205655526992
467.4 0.009271636675235647
467.6 0.009245929734361611
467.8 0.00921165381319623
468.0 0.009143101970865467
468.2 0.00908311910882605
468.4 0.009023136246786632
468.6 0.008963153384747215
468.8 0.008894601542416452
469.0 0.00884318766066838
469.2 0.008783204798628963
469.4 0.008740359897172235
469.6 0.008706083976006855
469.8 0.008671808054841473
470.0 0.008603256212510712
470.2 0.008560411311053985
470.4 0.008526135389888603
470.6 0.008500428449014568
470.8 0.00845758354755784
471.0 0.008406169665809768
471.2 0.008363324764353041
471.4 0.00831191088260497
471.6 0.008277634961439588
471.8 0.008226221079691516
472.0 0.0081662382176521
472.2 0.008131962296486718
472.4 0.008089117395029991
472.6 0.00805484147386461
472.8 0.008037703513281919
473.0 0.007977720651242503
473.2 0.007900599828620394
473.4 0.007883461868037704
473.6 0.007832047986289632
473.8 0.007789203084832905
474.0 0.007746358183376179
474.2 0.0076863753213367615
474.4 0.007660668380462725
474.6 0.007626392459297343
474.8 0.007609254498714652
475.0 0.007574978577549272
475.2 0.007497857754927164
475.4 0.007412167952013711
475.6 0.007377892030848329
475.8 0.0073436161096829475
476.0 0.007317909168808911
476.2 0.007257926306769494
476.4 0.007232219365895458
476.6 0.007180805484147386
476.8 0.007112253641816624
477.0 0.007069408740359897
477.2 0.0070265638389031704
477.4 0.006983718937446443
477.6 0.006949443016281063
477.8 0.006932305055698373
478.0 0.0068808911739503
478.2 0.006838046272493573
478.4 0.006820908311910883
478.6 0.006778063410454156
478.8 0.006709511568123393
479.0 0.006649528706083976
479.2 0.006615252784918595
479.4 0.0065724078834618685
479.6 0.0065552699228791774
479.8 0.006520994001713795
480.0 0.006503856041131105
480.2 0.006452442159383034
480.4 0.0064010282776349615
480.6 0.006358183376178234
480.8 0.006323907455012854
481.0 0.0062639245929734366
481.2 0.006246786632390745
481.4 0.006203941730934018
481.6 0.006195372750642674
481.8 0.006161096829477292
482.0 0.006135389888603257
482.2 0.006109682947729221
482.4 0.006075407026563839
482.6 0.006032562125107113
482.8 0.00596401028277635
483.0 0.005921165381319623
483.2 0.00586975149957155
483.4 0.00585261353898886
483.6 0.005809768637532134
483.8 0.005758354755784062
484.0 0.005749785775492716
484.2 0.005715509854327335
484.4 0.005698371893744645
484.6 0.005638389031705227
484.8 0.0056126820908311914
485.0 0.005561268209083119
485.2 0.005526992287917738
485.4 0.005492716366752356
485.6 0.0054584404455869755
485.8 0.005407026563838904
486.0 0.005389888603256212
486.2 0.005347043701799486
486.4 0.0053213367609254505
486.6 0.005295629820051414
486.8 0.005278491859468723
487.0 0.005235646958011997
487.2 0.005209940017137961
487.4 0.005201371036846615
487.6 0.005184233076263925
487.8 0.0051499571550985435
488.0 0.005124250214224507
488.2 0.005072836332476436
488.4 0.00506426735218509
488.6 0.004995715509854327
488.8 0.004970008568980291
489.0 0.00493573264781491
489.2 0.004901456726649528
489.4 0.004875749785775493
489.6 0.004850042844901457
489.8 0.0048243359040274205
490.0 0.0048071979434447295
490.2 0.004790059982862039
490.4 0.004772922022279349
490.6 0.004730077120822622
490.8 0.004704370179948586
491.0 0.0046700942587832054
491.2 0.004644387317909168
491.4 0.004601542416452442
491.6 0.004592973436161097
491.8 0.004575835475578407
492.0 0.004541559554413025
492.2 0.004524421593830334
492.4 0.004515852613538989
492.6 0.004481576692373607
492.8 0.004447300771208226
493.0 0.00442159383033419
493.2 0.004378748928877464
493.4 0.004361610968294773
493.6 0.0043359040274207365
493.8 0.004318766066838046
494.0 0.004275921165381319
494.2 0.004258783204798629
494.4 0.004241645244215938
494.6 0.0042073693230505575
494.8 0.0041816623821765205
495.0 0.004155955441302485
495.2 0.004155955441302485
495.4 0.004121679520137104
495.6 0.004095972579263068
495.8 0.004078834618680377
496.0 0.004061696658097687
496.2 0.004044558697514996
496.4 0.004027420736932305
496.6 0.003993144815766923
496.8 0.003984575835475578
497.0 0.003967437874892888
497.2 0.003941730934018852
497.4 0.003924592973436161
497.6 0.003916023993144816
497.8 0.003898886032562125
498.0 0.0038817480719794345
498.2 0.0038303341902313627
498.4 0.003821765209940017
498.6 0.003796058269065981
498.8 0.0037617823479006
499.0 0.0037532133676092543
499.2 0.0037275064267352186
499.4 0.0036932305055698373
499.6 0.0036760925449871467
499.8 0.0036760925449871467
500.0 0.0036589545844044557
500.2 0.0036246786632390744
500.4 0.0035989717223650387
500.6 0.0035475578406169665
500.8 0.0035389888603256214
501.0 0.003530419880034276
501.2 0.0035132819194515852
501.4 0.0034961439588688946
501.6 0.0034704370179948585
501.8 0.0034447300771208228
502.0 0.0034275921165381317
502.2 0.003401885175664096
502.4 0.0033676092544987148
502.6 0.0033676092544987148
502.8 0.0033161953727506425
503.0 0.0032904884318766064
503.2 0.0032647814910025707
503.4 0.0032476435304198805
503.6 0.0032390745501285345
503.8 0.0031962296486718078
504.0 0.003161953727506427
504.2 0.003144815766923736
504.4 0.003136246786632391
504.6 0.0031276778063410453
504.8 0.003110539845758355
505.0 0.0030676949443016284
505.2 0.0030248500428449016
505.4 0.00299057412167952
505.6 0.00299057412167952
505.8 0.0029648671808054842
506.0 0.0029562982005141387
506.2 0.002947729220222793
506.4 0.0029220222793487575
506.6 0.00286203941730934
506.8 0.0028191945158526134
507.0 0.0028191945158526134
507.2 0.002810625535561268
507.4 0.002810625535561268
507.6 0.0027934875749785777
507.8 0.0027677806341045415
508.0 0.002750642673521851
508.2 0.0027163667523564692
508.4 0.0026906598114824335
508.6 0.002673521850899743
508.8 0.002647814910025707
509.0 0.0026135389888603255
509.2 0.0026049700085689804
509.4 0.002596401028277635
509.6 0.00258783204798629
509.8 0.002579263067694944
510.0 0.0025621251071122537
510.2 0.002544987146529563
510.4 0.002519280205655527
510.6 0.002510711225364182
510.8 0.0025021422450728363
511.0 0.0024764353041988006
511.2 0.002467866323907455
511.4 0.002433590402742074
511.6 0.0024078834618680377
511.8 0.002382176520994002
512.0 0.002365038560411311
512.2 0.0023393316195372753
512.4 0.002322193658954584
512.6 0.002313624678663239
512.8 0.0022707797772065124
513.0 0.0022193658954584405
513.2 0.00220222793487575
513.4 0.0021679520137103682
513.6 0.002159383033419023
513.8 0.002125107112253642
514.0 0.0021165381319622964
514.2 0.0021165381319622964
514.4 0.0021079691516709513
514.6 0.0020908311910882603
514.8 0.002082262210796915
515.0 0.002047986289631534
515.2 0.0020308483290488433
515.4 0.0019965724078834617
515.6 0.0019965724078834617
515.8 0.001970865467009426
516.0 0.001953727506426735
516.2 0.0019365895458440447
516.4 0.0019365895458440447
516.6 0.0019194515852613539
516.8 0.0018851756640959727
517.0 0.001868037703513282
517.2 0.001842330762639246
517.4 0.00181662382176521
517.6 0.0018080548414738645
517.8 0.0017994858611825194
518.0 0.0017737789203084832
518.2 0.001765209940017138
518.4 0.0017309340188517567
518.6 0.0017137960582690659
518.8 0.0017052270779777208
519.0 0.0016795201371036846
519.2 0.0016795201371036846
519.4 0.001662382176520994
519.6 0.0016281062553556128
519.8 0.0016281062553556128
520.0 0.0016195372750642673
520.2 0.0015938303341902313
520.4 0.001585261353898886
520.6 0.001576692373607541
520.8 0.0015424164524421593
521.0 0.0015424164524421593
521.2 0.0015252784918594687
521.4 0.0015081405312767783
521.6 0.0014738646101113966
521.8 0.0014738646101113966
522.0 0.0014652956298200515
522.2 0.0014652956298200515
522.4 0.001456726649528706
522.6 0.0014481576692373607
522.8 0.0014224507283633247
523.0 0.0014138817480719794
523.2 0.0013967437874892888
523.4 0.001379605826906598
523.6 0.001371036846615253
523.8 0.001353898886032562
524.0 0.0013453299057412168
524.2 0.0013367609254498715
524.4 0.0013281919451585261
524.6 0.0013196229648671808
524.8 0.0013024850042844902
525.0 0.001276778063410454
525.2 0.0012596401028277635
525.4 0.0012510711225364182
525.6 0.0012339331619537275
525.8 0.0012339331619537275
526.0 0.0012082262210796916
526.2 0.001191088260497001
526.4 0.0011825192802056555
526.6 0.0011653813196229649
526.8 0.001139674378748929
527.0 0.0011225364181662383
527.2 0.0011139674378748928
527.4 0.0011053984575835475
527.6 0.0010796915167095116
527.8 0.0010796915167095116
528.0 0.001062553556126821
528.2 0.001062553556126821
528.4 0.001062553556126821
528.6 0.0010454155955441301
528.8 0.0010197086546700942
529.0 0.0010197086546700942
529.2 0.0010197086546700942
529.4 0.0009940017137960583
529.6 0.0009768637532133675
529.8 0.0009597257926306769
530.0 0.0009597257926306769
530.2 0.000934018851756641
530.4 0.0009168808911739503
530.6 0.0009168808911739503
530.8 0.0008911739502999143
531.0 0.0008911739502999143
531.2 0.000882604970008569
531.4 0.000882604970008569
531.6 0.0008740359897172237
531.8 0.0008654670094258783
532.0 0.0008568980291345329
532.2 0.0008568980291345329
532.4 0.0008568980291345329
532.6 0.0008483290488431877
532.8 0.0008397600685518423
533.0 0.000831191088260497
533.2 0.000831191088260497
533.4 0.000831191088260497
533.6 0.000831191088260497
533.8 0.0008226221079691516
534.0 0.000805484147386461
534.2 0.000805484147386461
534.4 0.0007969151670951157
534.6 0.0007883461868037705
534.8 0.000779777206512425
535.0 0.000779777206512425
535.2 0.0007712082262210796
535.4 0.0007540702656383891
535.6 0.0007369323050556983
535.8 0.0007369323050556983
536.0 0.0007112253641816624
536.2 0.0007112253641816624
536.4 0.000702656383890317
536.6 0.000702656383890317
536.8 0.000702656383890317
537.0 0.000702656383890317
537.2 0.0006940874035989718
537.4 0.000676949443016281
537.6 0.000676949443016281
537.8 0.0006683804627249357
538.0 0.0006598114824335904
538.2 0.0006512425021422451
538.4 0.0006512425021422451
538.6 0.0006341045415595545
538.8 0.0006255355612682091
539.0 0.0006255355612682091
539.2 0.0006255355612682091
539.4 0.0006169665809768638
539.6 0.0006083976006855185
539.8 0.0005826906598114824
540.0 0.0005826906598114824
540.2 0.0005826906598114824
540.4 0.0005826906598114824
540.6 0.0005741216795201371
540.8 0.0005741216795201371
541.0 0.0005741216795201371
541.2 0.0005741216795201371
541.4 0.0005741216795201371
541.6 0.0005655526992287917
541.8 0.0005569837189374464
542.0 0.0005569837189374464
542.2 0.0005569837189374464
542.4 0.0005398457583547558
542.6 0.0005312767780634105
542.8 0.0005312767780634105
543.0 0.0005227077977720651
543.2 0.0005055698371893744
543.4 0.0004884318766066837
543.6 0.0004884318766066837
543.8 0.00047129391602399316
544.0 0.00047129391602399316
544.2 0.00047129391602399316
544.4 0.00047129391602399316
544.6 0.0004541559554413025
544.8 0.00044558697514995713
545.0 0.00044558697514995713
545.2 0.00044558697514995713
545.4 0.0004370179948586118
545.6 0.00042844901456726646
545.8 0.00042844901456726646
546.0 0.00041988003427592116
546.2 0.00041988003427592116
546.4 0.0004113110539845758
546.6 0.0004113110539845758
546.8 0.0003856041131105398
547.0 0.00037703513281919456
547.2 0.00037703513281919456
547.4 0.00036846615252784915
547.6 0.00036846615252784915
547.8 0.00036846615252784915
548.0 0.0003598971722365039
548.2 0.0003513281919451585
548.4 0.0003427592116538132
548.6 0.00033419023136246786
548.8 0.00032562125107112256
549.0 0.00031705227077977725
549.2 0.00031705227077977725
549.4 0.00031705227077977725
549.6 0.00031705227077977725
549.8 0.0003084832904884319
550.0 0.0002999143101970865
550.2 0.0002999143101970865
550.4 0.00027420736932305055
550.6 0.00027420736932305055
550.8 0.00026563838903170524
551.0 0.0002570694087403599
551.2 0.0002570694087403599
551.4 0.0002313624678663239
551.6 0.0002313624678663239
551.8 0.00022279348757497857
552.0 0.00019708654670094262
552.2 0.00019708654670094262
552.4 0.00017994858611825195
552.6 0.00017994858611825195
552.8 0.00017994858611825195
553.0 0.0001713796058269066
553.2 0.00015424164524421594
553.4 0.0001456726649528706
553.6 0.00013710368466152527
553.8 0.00012853470437017994
554.0 0.00012853470437017994
554.2 0.00012853470437017994
554.4 0.00011139674378748928
554.6 8.56898029134533e-05
554.8 7.712082262210797e-05
555.0 5.1413881748071974e-05
555.2 4.284490145672665e-05
555.4 4.284490145672665e-05
555.6 3.427592116538132e-05
555.8 2.5706940874035987e-05
556.0 1.713796058269066e-05
556.2 1.713796058269066e-05
556.4 1.713796058269066e-05
556.6 1.713796058269066e-05
556.8 1.713796058269066e-05
557.0 1.713796058269066e-05
557.2 1.713796058269066e-05
557.4 8.56898029134533e-06
557.6 8.56898029134533e-06
557.8 0.0
