#n_{pack}/N vs waiting time
0.01 2.864240631163706
0.02 4.8368836291913215
0.03 5.865627876397111
0.04 6.5621236028928225
0.05 7.902117028270887
0.06 9.128671926364227
0.07 10.380861275476647
0.08 11.148395792241933
0.09 12.584030243260973
0.1 13.947357001972389
0.11 15.188763971071658
0.12 15.778106508875759
0.13 16.793445101906645
0.14 17.480059171597638
0.15 17.232610124917837
0.16 17.329316239316253
0.17 17.921426692965177
0.18 18.15967126890205
0.19 17.781722550953347
0.2 17.560591715976333
0.21 18.18405654174885
0.22 17.538645627876424
0.23 17.09824457593688
0.24 17.704372123602905
0.25 17.219999999999978
0.26 18.061157133464803
0.27 18.185200525969766
0.28 18.690052596975693
0.29 19.048783694937573
0.3 19.807758053911908
0.31 19.859520052596974
0.32 20.13719921104538
0.33 19.89936883629193
0.34 20.04199211045365
0.35 21.250723208415472
0.36 21.583320184089402
0.37 21.3315516107824
0.38 21.171689677843545
0.39 20.891124260355003
0.4 20.32376725838266
0.41 21.05605522682446
0.42 21.210821827744912
0.43 20.581236028928334
0.44 21.642938856015785
0.45 22.57069690992767
0.46 22.84904010519393
0.47 23.797817225509583
0.48 22.485443786982216
0.49 22.30438527284677
0.5 22.188625904010564
0.51 21.625660749506896
0.52 22.845154503616097
0.53 21.99432610124918
0.54 21.55864562787641
0.55 21.59631821170282
0.56 22.06684418145957
0.57 23.493556870479964
0.58 22.03749506903351
0.59 23.260216962524684
0.6 23.506673241288638
0.61 23.72530571992108
0.62 24.529040105193882
0.63 23.382682445759382
0.64 24.255575279421407
0.65 23.777777777777782
0.66 24.20720578566733
0.67 24.698888888888977
0.68 24.060604865220242
0.69 24.459520052596957
0.7 23.241012491781714
0.71 24.194030243260976
0.72 23.367547666009234
0.73 23.698612754766604
0.74 23.288205128205142
0.75 23.394043392504944
0.76 23.741860618014456
0.77 22.629671268902044
0.78 22.793497698882316
0.79 20.920144641683112
0.8 20.293793556870487
0.81 19.93468770545695
0.82 20.277600262984894
0.83 19.353596318211697
0.84 19.68175542406309
0.85 20.207094017094033
0.86 18.72057199211048
0.87 19.34654832347136
0.88 18.957146614069675
0.89 17.889000657462184
0.9 16.284049967126887
0.91 15.238257725180782
0.92 15.034602235371482
0.93 15.47128205128203
0.94 15.925667324128831
0.95 15.126436554898094
0.96 14.017140039447744
0.97 12.218704799474024
0.98 11.45321499013806
0.99 8.887107166337952
1.0 1.6228270874424693
