#n_{pack}/N vs waiting time
0.01 2.8366519823788536
0.02 6.873861967694574
0.03 10.491468428781214
0.04 14.1480616740088
0.05 18.15792951541852
0.06 21.508898678414102
0.07 23.19839941262848
0.08 27.220000000000027
0.09 28.999632892804694
0.1 29.780337738619703
0.11 31.49651982378853
0.12 34.24835535976502
0.13 34.49350954478708
0.14 34.127371512481645
0.15 35.29831130690163
0.16 34.13701908957412
0.17 34.61083700440524
0.18 35.841762114537396
0.19 35.18889867841412
0.2 37.444067547723904
0.21 36.42345080763579
0.22 35.69339207048458
0.23 35.54089574155656
0.24 38.55798825256975
0.25 37.939706314243786
0.26 37.58969162995589
0.27 34.48362701908956
0.28 38.555051395007354
0.29 36.598443465491904
0.3 38.662716593245214
0.31 35.78367107195301
0.32 37.25096916299558
0.33 35.37787077826729
0.34 35.69647577092509
0.35 34.828355359765055
0.36 34.07935389133635
0.37 34.03723935389136
0.38 33.59920704845815
0.39 34.842657856094014
0.4 35.394082232011804
0.41 35.39944199706315
0.42 34.72167400881055
0.43 33.0577973568282
0.44 33.726872246696
0.45 32.222878120411146
0.46 35.0791483113069
0.47 32.87778267254039
0.48 31.787268722466976
0.49 31.508546255506555
0.5 33.50842878120412
0.51 34.486681350954456
0.52 33.32302496328928
0.53 28.924111600587366
0.54 31.678810572687226
0.55 32.150513950073446
0.56 30.46484581497797
0.57 32.33223201174745
0.58 31.252378854625558
0.59 30.643215859030807
0.6 30.122760646108656
0.61 30.01113069016156
0.62 29.400998531571222
0.63 30.861424375917775
0.64 27.726093979441977
0.65 28.286005873715087
0.66 28.949720998531536
0.67 27.525198237885483
0.68 29.358751835535983
0.69 27.900323054331814
0.7 26.934331864904568
0.71 26.763685756240832
0.72 26.59249632892802
0.73 26.599926578560954
0.74 25.546696035242295
0.75 26.25754772393539
0.76 24.58465491923643
0.77 25.452452276064605
0.78 23.172511013215868
0.79 22.881160058737162
0.8 20.10162995594712
0.81 20.44242290748898
0.82 18.50220264317181
0.83 19.266960352422885
0.84 18.128649045521293
0.85 17.452878120411164
0.86 17.12286343612334
0.87 17.12268722466957
0.88 15.714640234948586
0.89 16.025168869309866
0.9 13.542246696035232
0.91 12.869089574155678
0.92 12.73135095447869
0.93 12.567650513950092
0.94 13.109823788546235
0.95 12.662980910425846
0.96 11.960851688693092
0.97 10.844243759177674
0.98 10.595668135095442
0.99 8.231791483113062
1.0 1.6508810572687214
