#n_{pack}/N vs waiting time
0.01 2.8324563017479343
0.02 5.682465501379947
0.03 7.324149034038637
0.04 8.741195952161913
0.05 9.959374425022997
0.06 11.101407543698246
0.07 12.7419319227231
0.08 13.302355105795773
0.09 14.37717571297148
0.1 14.588003679852802
0.11 15.262695492180312
0.12 14.816973321067145
0.13 14.482971481140737
0.14 14.242447102115928
0.15 14.093072677092893
0.16 13.242069917203306
0.17 12.826347746090157
0.18 12.500901563937443
0.19 13.196467341306343
0.2 13.328528058877637
0.21 13.88756209751611
0.22 14.664268629254815
0.23 15.239926402943896
0.24 15.436605335786565
0.25 16.232327506899733
0.26 16.70885924563019
0.27 16.913091076356956
0.28 17.358804047838078
0.29 17.09093836246552
0.3 16.511729530818776
0.31 16.23976080956763
0.32 16.256853725850963
0.33 15.866283348666071
0.34 15.560662373505062
0.35 16.205473781048777
0.36 16.67539098436061
0.37 16.659420423183043
0.38 16.682603495860153
0.39 17.72509659613615
0.4 18.267893284268627
0.41 18.849245630174796
0.42 18.311683532658712
0.43 19.14399264029439
0.44 19.464820607175703
0.45 19.43453541858325
0.46 19.851324747010107
0.47 19.603081876724925
0.48 18.732612695492175
0.49 18.558160073597033
0.5 18.453284268629254
0.51 18.59653173873043
0.52 19.295427782888662
0.53 18.572989880404783
0.54 18.85384544618215
0.55 19.59910763569458
0.56 19.809503219871228
0.57 19.808463661453555
0.58 20.2390524379025
0.59 19.916218951241962
0.6 20.22812327506902
0.61 20.874977000919927
0.62 20.288325666973332
0.63 20.567111315547386
0.64 19.911444342226325
0.65 18.744029438822455
0.66 18.7883808647654
0.67 18.253615455381766
0.68 18.756789328426862
0.69 18.020818767249317
0.7 17.613339466421348
0.71 17.330873965041413
0.72 16.646320147194118
0.73 17.30934682612694
0.74 16.947175712971458
0.75 17.13055197792089
0.76 16.426715731370773
0.77 15.535574977000906
0.78 15.245869365225396
0.79 15.252796688132475
0.8 14.14604415823367
0.81 14.144121435142594
0.82 13.337286108555663
0.83 13.912759889604423
0.84 13.107966881324762
0.85 13.084526218951256
0.86 12.786614535418595
0.87 12.155298988040471
0.88 11.006467341306362
0.89 10.723045078196856
0.9 9.969199632014714
0.91 9.247322907083714
0.92 8.587690892364307
0.93 8.334020239190426
0.94 8.205952161913503
0.95 8.811002759889595
0.96 8.677985280588787
0.97 8.31560257589697
0.98 7.384636614535417
0.99 6.457985280588777
1.0 1.9207543698252072
