#n_{pack}/N vs waiting time
0.01 3.247946666666661
0.02 10.931440000000002
0.03 15.311413333333343
0.04 18.76781333333328
0.05 21.13508666666666
0.06 21.706500000000013
0.07 22.602226666666684
0.08 22.442873333333313
0.09 23.28572666666669
0.1 24.390726666666648
0.11 24.295713333333378
0.12 24.782920000000033
0.13 24.990286666666666
0.14 25.624026666666705
0.15 25.616073333333315
0.16 25.94267333333334
0.17 26.418926666666657
0.18 27.080566666666638
0.19 28.254573333333322
0.2 28.359480000000026
0.21 28.455420000000007
0.22 29.26280000000003
0.23 30.065133333333293
0.24 31.167246666666767
0.25 31.738633333333347
0.26 31.794453333333347
0.27 32.281099999999974
0.28 34.1787266666667
0.29 34.02302666666667
0.3 34.78693999999998
0.31 34.05764000000005
0.32 33.987660000000005
0.33 34.98063333333331
0.34 34.3169066666667
0.35 35.55511333333333
0.36 34.813860000000105
0.37 35.304540000000024
0.38 34.91892666666665
0.39 35.08962666666667
0.4 35.257159999999914
0.41 35.05742666666666
0.42 35.315660000000044
0.43 35.98505999999999
0.44 34.76085333333327
0.45 34.786906666666624
0.46 35.33906666666662
0.47 34.65912000000004
0.48 34.447619999999915
0.49 32.724566666666604
0.5 34.31486000000002
0.51 33.970053333333354
0.52 32.838253333333306
0.53 32.77086666666663
0.54 31.887066666666602
0.55 31.65879999999995
0.56 30.590693333333366
0.57 30.002213333333366
0.58 29.97282666666666
0.59 29.897353333333328
0.6 28.64523333333334
0.61 28.086086666666688
0.62 28.402646666666666
0.63 27.623413333333314
0.64 26.65723333333337
0.65 27.014826666666693
0.66 26.280113333333336
0.67 25.349259999999962
0.68 25.04561333333336
0.69 23.61213333333337
0.7 24.216826666666684
0.71 22.937526666666663
0.72 21.770999999999955
0.73 21.564779999999963
0.74 21.194599999999998
0.75 20.373533333333302
0.76 19.678106666666675
0.77 19.32006000000003
0.78 18.59294000000002
0.79 18.048286666666655
0.8 17.433486666666642
0.81 16.811953333333328
0.82 15.894933333333348
0.83 15.105480000000025
0.84 14.819980000000001
0.85 14.450899999999999
0.86 13.895199999999985
0.87 13.138373333333329
0.88 12.325606666666655
0.89 11.892086666666668
0.9 11.355680000000005
0.91 10.321253333333338
0.92 9.826740000000013
0.93 9.348506666666669
0.94 8.474526666666668
0.95 7.904993333333341
0.96 7.184793333333328
0.97 6.5215200000000015
0.98 5.642520000000007
0.99 5.057266666666656
1.0 2.639740000000002
