#x vs C(r)computed vs popt vs C(r)theory 
0 1.0 1.0
1 0.9075729831702121 0.9031541329562625
2 0.6927287082264258 0.6875244206789314
3 0.39484351506323206 0.3902411832064489
4 0.062403593519165954 0.05795392637993241
5 -0.25467450412121334 -0.2603222432698212
6 -0.5126362751818927 -0.5202963356033007
7 -0.6790541011327265 -0.6884245414158187
8 -0.736596631241563 -0.7460712892316878
9 -0.6838516535051531 -0.6913216769254714
10 -0.5347816953276741 -0.53831922328828
11 -0.3158609447190262 -0.314361196448524
12 -0.06196681287496556 -0.05528910213133988
13 0.18910863484084445 0.2000761243625396
14 0.4018600078736195 0.41561095367155393
15 0.5480951040226832 0.5628660659710719
16 0.6103745530236551 0.6246757971320159
17 0.5841286407600231 0.5969642737001937
18 0.4776381587327637 0.48859261024536266
19 0.31030065156082215 0.3193782992442064
20 0.10908430327216546 0.11667004663140645
21 -0.0954719277915335 -0.08895505732880413
22 -0.2738311017355921 -0.26821223233640573
23 -0.4020008287731563 -0.3971937042678631
24 -0.46453822994380795 -0.46046195756307373
25 -0.45595609670334886 -0.45276786019200493
26 -0.38140652847214446 -0.37922660598567387
27 -0.2551057523454478 -0.2540126577693047
28 -0.09802179626749026 -0.09784167760081142
29 0.06559260572011259 0.06533535965986899
30 0.21177505603844615 0.21191260084628935
31 0.32075702489313224 0.32196073254627366
32 0.3792568681465547 0.38185041510846723
33 0.3821095755360493 0.38583490134259785
34 0.33207044598881075 0.33642534199330604
35 0.23924278350673414 0.24357295441653273
36 0.11882794243928249 0.12284079916713898
37 -0.010762824530088977 -0.007118879741272923
38 -0.13098420791491466 -0.12738487470101176
39 -0.2253703502395615 -0.22146785341221786
40 -0.28204946272290793 -0.27751511469074036
41 -0.2951135710163517 -0.2897340210982867
42 -0.2649911732332808 -0.2588757091371018
43 -0.19812951525533998 -0.19176291636696607
44 -0.1058765764028946 -0.09998235085726993
45 -0.002196897620534114 0.002026110087188376
46 0.09795539841680555 0.0991784649270609
47 0.18125078337940706 0.17792365074481567
48 0.2371054352390074 0.22808138663662006
49 0.2592054479557268 0.24409887548605175
50 0.2460103797223137 0.2255804478857536
