#x vs C(r)computed vs popt vs C(r)theory 
0 1.0 1.0
1 0.8917924264278224 0.8835446079745213
2 0.6408702268974837 0.6280453361162412
3 0.30037555851140185 0.28598715237828504
4 -0.06490161440433821 -0.07894520083636737
5 -0.39143396366917627 -0.40341636195805686
6 -0.6275004742082961 -0.635162475013712
7 -0.7400912408944645 -0.7411221879011335
8 -0.718728384823274 -0.711769300372333
9 -0.5750694485152984 -0.5611645039203275
10 -0.3405909160416247 -0.32300201712830867
11 -0.060195260077495066 -0.043588076132480634
12 0.2158442224391032 0.22685351663039705
13 0.4405161454167299 0.4429625061133751
14 0.5780757314086635 0.5716144295989923
15 0.6094875819632757 0.5967269032173006
16 0.5355055719380474 0.5208551107424196
17 0.37535292482254334 0.3635192538906048
18 0.16188735247440686 0.15676497139784726
19 -0.06429883907679236 -0.06110612735156738
20 -0.26291252298956064 -0.2524505155615073
21 -0.4009232165563046 -0.3866255273608875
22 -0.4582496324113484 -0.44472274647939525
23 -0.43032037056416234 -0.4219959440012352
24 -0.32788917393768485 -0.3277249098673146
25 -0.17403611005681957 -0.18270873381494943
26 0.00048029957631327017 -0.014971402969005962
27 0.16349067499259565 0.14547287240670057
28 0.28768943109812883 0.27184400385676477
29 0.3548631521200067 0.3449243846717275
30 0.35813284364793424 0.3558164941164755
31 0.3019052143930548 0.3067663202872969
32 0.2006598711261625 0.21004148112729715
33 0.07499253564358405 0.0851836948271062
34 -0.05204268735931764 -0.04479019693613677
35 -0.15911070074960038 -0.1575242362341022
36 -0.2299567823771568 -0.23507228280583176
37 -0.2560361665692468 -0.2666495764022365
38 -0.23668964193781078 -0.24998641025486215
39 -0.1785580574325139 -0.19114718396649777
40 -0.09449125722987999 -0.10294755145179622
41 -0.0004058051302320711 -0.0023313988442361204
42 0.08755881906072523 0.09277818847133115
43 0.15534761052497248 0.1665847492555913
44 0.19333555823300158 0.20795701056811425
45 0.19750280108204837 0.21200721921919116
46 0.17016176541355055 0.18050530010708177
47 0.11855853412652292 0.1211359674922575
48 0.05315864299179906 0.045801741705680146
49 -0.01393847012067144 -0.03167679983943457
50 -0.07161831510581472 -0.09803330079622063
