#x vs C(r)computed vs popt vs C(r)theory 
0 1.0 1.0
1 0.9070862475120843 0.8843801239881204
2 0.6956058497974652 0.6591877984491966
3 0.40812818856926975 0.36686949050031553
4 0.0940188076114899 0.055545713864694736
5 -0.19881858790175136 -0.2284555175171267
6 -0.4304912046692256 -0.4471018718440912
7 -0.574002798255435 -0.5753509768935636
8 -0.6175627431411842 -0.6035306116192101
9 -0.5643447512408915 -0.5372805967769062
10 -0.43086647679732437 -0.3952950427976069
11 -0.2434388589182681 -0.20539784509813083
12 -0.03392036728324957 0.0003259820623681308
13 0.16518023374220395 0.19055281863914417
14 0.3254941027280994 0.33915897087970465
15 0.42673462226164377 0.4284911792296283
16 0.4589911913980113 0.4511084277418741
17 0.42360593069824 0.40988859420348844
18 0.3318755730724121 0.31663901573360875
19 0.20244814461970698 0.18955236197189873
20 0.05803822867891045 0.049983253065026156
21 -0.07854786613822544 -0.08092602341850842
22 -0.1877176357770249 -0.18527051212135157
23 -0.25584651882920756 -0.25065566264622213
24 -0.2766976759642279 -0.2714621457178148
25 -0.251766324449321 -0.24901549226651876
26 -0.18928976941852838 -0.19073956159293196
27 -0.10248118111829746 -0.10851172253838652
28 -0.006786835599638342 -0.01653201522881083
29 0.08205750723320451 0.07094093948973042
30 0.1510042511324475 0.14164864357241905
31 0.19128002457296528 0.18690896009315608
32 0.1994125397509483 0.20252845742574332
33 0.1780164332486211 0.18898217361093117
34 0.1335251252827444 0.15090410179497502
35 0.07530493749225475 0.0960268716848659
36 0.013715624373770443 0.03377534530148839
37 -0.04157922312063384 -0.026250649437159535
38 -0.08282904599758333 -0.07567547436530546
39 -0.10504177091676556 -0.10843838785080641
40 -0.10643856309871656 -0.12144786128287778
41 -0.08854908476079874 -0.11474649233983618
42 -0.05578869187360562 -0.09120898833483244
43 -0.014734477708376466 -0.055860813376772456
44 0.02694934467799428 -0.014951448697315487
45 0.06197958715715667 0.025061097161583744
46 0.08489574519286441 0.05845990437698205
47 0.0928790880158813 0.08102235036274358
48 0.08610762626692309 0.09048699028615255
49 0.06715391311330515 0.08669391609131298
50 0.04040980849575654 0.07140921930697232
