#x vs C(r)computed vs popt vs C(r)theory 
0 1.0 1.0
1 0.8993231365151924 0.9078986575604471
2 0.8080444623961114 0.8242799724000619
3 0.726054356472726 0.7483626803959785
4 0.6524938843287498 0.6794374728998468
5 0.5868329032542169 0.6168603695420335
6 0.5285742228860196 0.5600467014094536
7 0.47686251476282876 0.5084656483807993
8 0.4311866613341394 0.46163527958053
9 0.3906441226341801 0.41911805061370483
10 0.35479607255469026 0.38051671551153415
11 0.3232085548285735 0.3454706151922324
12 0.2954859265110729 0.31365230775960956
13 0.2702316686482707 0.28476450915568563
14 0.24735981295327047 0.25853731558330667
15 0.2265545796763168 0.23472568174736577
16 0.20758030513824915 0.21310713135339412
17 0.1906007448994699 0.19347967847230438
18 0.17539204474379666 0.17565994035023205
19 0.16208599876696173 0.1594814240311239
20 0.15044035585623403 0.1447929707836858
21 0.14033080772522832 0.13145734379869736
22 0.13125772895590432 0.11934994596129951
23 0.12344679096786791 0.10835765571817572
24 0.11607157438214868 0.09837777016292884
25 0.10912379089407442 0.08931704546471331
26 0.10248078962327681 0.08109082567467858
27 0.0962914761522979 0.07362225177050892
28 0.09016307331916959 0.0668415435490223
29 0.08481543771754443 0.06068534765742552
30 0.07998582692934889 0.05509614567176564
31 0.07616044893625239 0.050021716692150865
32 0.07301947182025095 0.04541464943367278
33 0.07075384850639473 0.041231899254409836
34 0.06916278465198836 0.03743438598174628
35 0.06789401764779722 0.03398662877942707
36 0.06712456958632566 0.030856414643847082
37 0.06680891718506438 0.028014497432277286
38 0.06701504443868515 0.025434324610995138
39 0.06709831422058116 0.02309178917027913
40 0.06682058429647464 0.02096500438836529
41 0.06579119902597207 0.01903409933994573
42 0.06450819135450113 0.01728103323860892
43 0.06280027900781522 0.015689426878590495
44 0.06100861455664381 0.014244409600965114
45 0.05943609821178082 0.012932480354457364
46 0.058374216680847815 0.0117413815527387
47 0.05770215333211458 0.010659984549636459
48 0.057206976419115436 0.009678185662230053
49 0.057111974903476366 0.008786811770359428
50 0.05733213273068741 0.007977534610545664
