#n_{unpack}/N vs waiting time
1.0 2.081753197893149
0.99 4.363724604966143
0.98 5.260790067720084
0.97 5.907652370203158
0.96 6.459112114371703
0.95 6.854213694507152
0.94 7.110759969902179
0.93 7.597133182844239
0.92 7.622776523702037
0.91 7.96933032355152
0.9 8.081723100075244
0.89 8.112009029345364
0.88 8.375959367945828
0.87 8.410323551542515
0.86 8.195718585402567
0.85 8.500827689992482
0.84 8.565688487584627
0.83 8.497148231753188
0.82 8.342054176072235
0.81 8.459428141459762
0.8 8.32672686230249
0.79 8.528954100827688
0.78 8.265086531226478
0.77 8.26136945071482
0.76 8.217441685477805
0.75 8.464484574868315
0.74 8.109864559819409
0.73 8.234981188863811
0.72 8.133212942061702
0.71 8.107742663656891
0.7 8.34657637321294
0.69 8.23469525959368
0.68 8.088179082016552
0.67 8.060504138449954
0.66 8.345056433408574
0.65 8.026230248306994
0.64 8.19194130925508
0.63 8.026072234762982
0.62 8.214762979683975
0.61 8.475891647855534
0.6 8.169450714823181
0.59 8.157569601203909
0.58 8.39225733634312
0.57 8.469458239277646
0.56 8.35854778028592
0.55 8.2734762979684
0.54 8.192671181339355
0.53 8.38403310759972
0.52 8.18784800601956
0.51 8.311211437170808
0.5 8.17981188863807
0.49 8.202618510158016
0.48 8.120150489089538
0.47 8.156787057938292
0.46 8.450632054176083
0.45 8.192272385252075
0.44 8.018171557562082
0.43 8.101587659894653
0.42 8.067720090293468
0.41 8.375101580135441
0.4 8.19201655379984
0.39 8.254898419864565
0.38 8.027983446200158
0.37 8.161843491346891
0.36 8.0749134687735
0.35 7.907539503386019
0.34 7.8228668171557505
0.33 7.94477802859293
0.32 8.004559819413092
0.31 7.879721595184346
0.3 8.107276147479313
0.29 7.996704288939065
0.28 8.124477050413857
0.27 7.88399548532732
0.26 7.810346124905941
0.25 7.828502633559072
0.24 7.73735891647857
0.23 7.6175470278404935
0.22 7.62535741158766
0.21 7.491918735891648
0.2 7.250165537998496
0.19 7.267810383747159
0.18 7.081346877351394
0.17 7.28607975921746
0.16 7.370978179082019
0.15 7.37107599699023
0.14 7.289721595184345
0.13 7.354793077501874
0.12 7.396350639578625
0.11 7.119398043641843
0.1 6.835033860045138
0.09 6.171151241534987
0.08 6.526207674943575
0.07 7.5181640331076185
0.06 7.5006922498118795
0.05 6.966267870579383
0.04 6.605771256583889
0.03 5.924604966139956
0.02 4.912197140707293
0.01 2.635018811136194
