#n_{unpack}/N vs waiting time
1.0 4.589640102827753
0.99 4.978826049700095
0.98 6.397574978577553
0.97 7.652210796915166
0.96 8.723864610111367
0.95 9.965312767780638
0.94 11.16163667523565
0.93 11.966323907455008
0.92 13.054035989717214
0.91 13.77158526135388
0.9 14.599665809768641
0.89 15.169374464438734
0.88 15.732939160239935
0.87 15.799417309340166
0.86 16.695569837189357
0.85 17.47706083976009
0.84 16.81918594687234
0.83 18.099134532990583
0.82 17.62369323050558
0.81 17.93629820051412
0.8 18.50093401885176
0.79 18.517574978577517
0.78 19.24048843187659
0.77 19.14371893744644
0.76 19.093367609254496
0.75 21.230822622107944
0.74 19.545175664095957
0.73 20.205749785775467
0.72 20.741062553556166
0.71 20.069477292202233
0.7 20.639734361610962
0.69 20.203419023136252
0.68 21.033950299914306
0.67 21.21455869751503
0.66 20.891988003427592
0.65 20.135329905741212
0.64 21.157814910025696
0.63 21.145441302484993
0.62 21.49617823479009
0.61 21.097754927163674
0.6 21.40682090831191
0.59 22.186495287060854
0.58 21.426658097686385
0.57 21.8110111396744
0.56 22.431011139674393
0.55 21.45369323050559
0.54 20.02223650385605
0.53 22.05279348757496
0.52 19.66113967437876
0.51 19.475852613538972
0.5 19.46858611825193
0.49 20.0035818337618
0.48 19.04940874035993
0.47 19.020402742073667
0.46 18.770728363324775
0.45 18.665895458440477
0.44 18.56976006855182
0.43 18.56479862896317
0.42 17.84842330762638
0.41 17.374044558697502
0.4 17.06176520994004
0.39 17.370959725792616
0.38 16.63537275064268
0.37 16.28661525278491
0.36 16.620239931448143
0.35 16.20512425021422
0.34 16.155167095115676
0.33 15.82946872322195
0.32 17.268971722365055
0.31 15.719425878320477
0.3 14.9653556126821
0.29 14.828843187660686
0.28 14.533838903170528
0.27 13.890034275921163
0.26 14.67611825192802
0.25 13.798406169665796
0.24 13.988517566409593
0.23 13.837163667523562
0.22 14.531328191945194
0.21 13.493924592973446
0.2 13.37467866323905
0.19 13.27899742930591
0.18 11.981096829477279
0.17 12.022090831191097
0.16 12.167326478149102
0.15 12.11656383890318
0.14 12.106083976006861
0.13 11.955355612682094
0.12 12.608534704370184
0.11 12.104301628106262
0.1 11.042664952870625
0.09 10.126718080548414
0.08 8.927172236503857
0.07 6.362810625535569
0.06 6.45754927163668
0.05 7.233161953727504
0.04 7.933727506426732
0.03 8.288946015424179
0.02 7.723290488431887
0.01 1.840625535561268
