#n_{unpack}/N vs waiting time
1.0 4.066659544159539
0.99 5.277065527065523
0.98 7.441196581196591
0.97 8.898589743589739
0.96 11.126039886039878
0.95 13.18543447293447
0.94 15.182350427350443
0.93 16.36350427350426
0.92 18.026317663817665
0.91 20.11079772079771
0.9 22.751623931623932
0.89 22.685028490028504
0.88 24.154401709401682
0.87 25.247037037037018
0.86 26.352108262108207
0.85 25.858240740740737
0.84 27.171260683760686
0.83 26.233789173789166
0.82 28.68974358974361
0.81 28.35644586894584
0.8 29.226659544159563
0.79 29.14603988603989
0.78 29.55126780626785
0.77 30.81424501424502
0.76 29.927492877492906
0.75 31.57418091168088
0.74 30.4979344729345
0.73 31.88321225071221
0.72 31.812998575498582
0.71 30.396695156695177
0.7 31.227962962962987
0.69 30.485121082621042
0.68 32.1659544159544
0.67 29.79455128205129
0.66 31.86116809116808
0.65 30.440142450142474
0.64 31.270213675213657
0.63 30.225997150997127
0.62 30.217393162393158
0.61 30.197991452991445
0.6 30.16594017094019
0.59 30.106417378917406
0.58 30.08041310541312
0.57 30.966631054131025
0.56 29.500968660968645
0.55 30.111111111111132
0.54 29.05383190883193
0.53 29.78110398860403
0.52 29.021987179487187
0.51 29.764273504273504
0.5 28.88464387464392
0.49 29.347920227920234
0.48 28.604779202279172
0.47 29.792656695156737
0.46 28.177428774928785
0.45 29.23067663817664
0.44 26.8719800569801
0.43 27.944978632478694
0.42 29.006545584045632
0.41 27.57857549857546
0.4 28.176096866096863
0.39 26.894123931623906
0.38 27.31569088319085
0.37 27.186631054131038
0.36 26.666752136752145
0.35 26.416659544159497
0.34 26.01959401709403
0.33 25.65605413105415
0.32 25.99191595441593
0.31 25.535826210826222
0.3 24.09690883190882
0.29 24.108354700854736
0.28 23.630242165242223
0.27 22.527663817663832
0.26 21.79824786324783
0.25 23.261103988603985
0.24 22.70453703703708
0.23 22.35985754985755
0.22 21.653027065527073
0.21 21.78043447293448
0.2 20.134415954415946
0.19 18.866566951566927
0.18 18.38633190883189
0.17 16.414978632478622
0.16 15.490263532763516
0.15 16.36902421652421
0.14 14.565163817663842
0.13 15.398824786324777
0.12 15.825961538461524
0.11 14.98973646723646
0.1 13.831716524216516
0.09 12.155897435897453
0.08 10.504195156695154
0.07 7.4178846153846125
0.06 6.45841880341879
0.05 7.29831196581196
0.04 7.7116737891737985
0.03 8.128027065527068
0.02 7.889608262108251
0.01 1.7657336182336183
