#n_{unpack}/N vs waiting time
1.0 3.331588188347964
0.99 4.377741420590581
0.98 5.304604948124504
0.97 6.082242617717474
0.96 6.564796488427772
0.95 6.9826895450917705
0.94 7.361612130885867
0.93 7.480462889066236
0.92 7.378108539505173
0.91 7.800247406225067
0.9 7.526336791699925
0.89 7.999904229848368
0.88 7.732865123703101
0.87 7.968611332801274
0.86 7.736185155626505
0.85 7.826735833998393
0.84 7.964269752593759
0.83 7.870486831604147
0.82 8.115411013567423
0.81 8.032697525937749
0.8 7.981181165203509
0.79 7.707438148443744
0.78 7.884796488427777
0.77 7.505873902633674
0.76 8.045291300877894
0.75 7.513511572226641
0.74 7.4194493216280994
0.73 7.930606544293683
0.72 7.26821229050279
0.71 7.460199521149246
0.7 7.800630486831618
0.69 7.883894652833218
0.68 7.789600957701513
0.67 7.599034317637681
0.66 8.161652035115726
0.65 7.765921787709495
0.64 8.527893056663997
0.63 8.554070231444534
0.62 8.53249800478851
0.61 8.267837190742208
0.6 9.038914604948111
0.59 8.79205905826018
0.58 9.07153232242618
0.57 9.13843575418995
0.56 8.954189944134058
0.55 9.205945730247407
0.54 9.534189944134084
0.53 9.270135674381482
0.52 9.414525139664807
0.51 9.68790103750999
0.5 9.544421388667212
0.49 9.887845171588197
0.48 9.895722266560261
0.47 9.667214684756596
0.46 10.102633679170017
0.45 9.80233040702315
0.44 10.017861133280096
0.43 9.781332801276921
0.42 9.722402234636872
0.41 9.84132482043098
0.4 9.516815642458086
0.39 9.667509976057467
0.38 9.793607342378284
0.37 9.736791699920191
0.36 9.72499600957701
0.35 9.250007980845973
0.34 9.272649640861907
0.33 9.29823623304071
0.32 9.260391061452514
0.31 9.541412609736625
0.3 9.090223463687153
0.29 8.858092577813258
0.28 8.821827613727065
0.27 9.109082202713488
0.26 8.881412609736628
0.25 9.00486033519553
0.24 9.206169193934555
0.23 8.721260973663219
0.22 8.569313647246608
0.21 8.32301675977654
0.2 8.145355147645642
0.19 8.329561053471657
0.18 7.831995211492427
0.17 8.075746209098162
0.16 7.664716679968076
0.15 7.862059058260192
0.14 7.685434956105343
0.13 8.125355147645639
0.12 8.130590582601757
0.11 8.053631284916195
0.1 7.45578611332801
0.09 6.959417398244215
0.08 6.323120510774134
0.07 6.359752593774939
0.06 6.581061452513958
0.05 6.652218675179569
0.04 6.622114924181965
0.03 6.766799680766161
0.02 5.92270550678372
0.01 2.114844373503592
