#\tau/\tau_{d} vs n_{pack}/N
0.0 0.0
0.2 0.0013733075435203095
0.4 0.004584139264990329
0.6 0.0067408123791102515
0.8 0.008578336557059961
1.0 0.010483558994197293
1.2 0.012117988394584138
1.4 0.013810444874274661
1.6 0.015570599613152804
1.8 0.017127659574468088
2.0 0.01867504835589942
2.2 0.020174081237911024
2.4 0.02135396518375242
2.6 0.02274661508704062
2.8 0.024216634429400384
3.0 0.025473887814313347
3.2 0.026856866537717603
3.4 0.028056092843326885
3.6 0.02932301740812379
3.8 0.0304642166344294
4.0 0.031499032882011606
4.2 0.032804642166344294
4.4 0.0337137330754352
4.6 0.03486460348162476
4.8 0.035764023210831726
5.0 0.036731141199226304
5.2 0.03782398452611219
5.4 0.03884912959381044
5.6 0.03978723404255319
5.8 0.0405899419729207
6.0 0.04131528046421663
6.2 0.04235976789168278
6.4 0.04323017408123791
6.6 0.04420696324951644
6.8 0.045154738878143134
7.0 0.04599613152804642
7.2 0.04679883945841393
7.4 0.047543520309477755
7.6 0.04822050290135396
7.8 0.049110251450676976
8.0 0.05
8.2 0.050667311411992266
8.4 0.05146034816247583
8.6 0.05225338491295938
8.8 0.05305609284332689
9.0 0.05368471953578337
9.2 0.05441972920696325
9.4 0.054951644100580274
9.6 0.05567698259187621
9.8 0.056392649903288204
10.0 0.0570889748549323
10.2 0.05775628626692456
10.4 0.05850096711798839
10.6 0.059081237911025146
10.8 0.059700193423597676
11.0 0.060319148936170214
11.2 0.06111218568665377
11.4 0.06191489361702127
11.6 0.06264023210831722
11.8 0.0631431334622824
12.0 0.0638588007736944
12.2 0.06446808510638298
12.4 0.06505802707930368
12.6 0.0656963249516441
12.8 0.06631528046421663
13.0 0.06699226305609284
13.2 0.06758220502901353
13.4 0.06829787234042553
13.6 0.06884912959381045
13.8 0.06949709864603482
14.0 0.07027079303675049
14.2 0.07076402321083172
14.4 0.0714119922630561
14.6 0.0721083172147002
14.8 0.07270793036750484
15.0 0.07329787234042554
15.2 0.07398452611218569
15.4 0.07459381044487427
15.6 0.0752321083172147
15.8 0.07579303675048356
16.0 0.07640232108317214
16.2 0.07695357833655705
16.4 0.07763056092843326
16.6 0.07834622823984526
16.8 0.07892649903288201
17.0 0.07949709864603481
17.2 0.07993230174081238
17.4 0.08054158607350097
17.6 0.08118955512572533
17.8 0.0818375241779497
18.0 0.08243713733075435
18.2 0.0830174081237911
18.4 0.0837137330754352
18.6 0.08444874274661508
18.8 0.08522243713733076
19.0 0.08590909090909092
19.2 0.08647001934235977
19.4 0.08716634429400387
19.6 0.0879110251450677
19.8 0.08851063829787234
20.0 0.0891779497098646
20.2 0.08980657640232108
20.4 0.09059961315280464
20.6 0.09113152804642166
20.8 0.09184719535783366
21.0 0.09250483558994198
21.2 0.09308510638297872
21.4 0.09367504835589942
21.6 0.09433268858800775
21.8 0.09508704061895551
22.0 0.09575435203094777
22.2 0.09645067698259188
22.4 0.0973404255319149
22.6 0.09794970986460347
22.8 0.09863636363636363
23.0 0.09934235976789169
23.2 0.09991295938104448
23.4 0.10049323017408124
23.6 0.10122823984526112
23.8 0.10189555125725339
24.0 0.10247582205029014
24.2 0.10311411992263056
24.4 0.10384912959381044
24.6 0.10465183752417795
24.8 0.10524177949709865
25.0 0.10596711798839457
25.2 0.10684719535783366
25.4 0.10759187620889749
25.6 0.10818181818181818
25.8 0.10888781431334622
26.0 0.10969052224371373
26.2 0.11044487427466151
26.4 0.11111218568665376
26.6 0.11192456479690521
26.8 0.11266924564796905
27.0 0.11345261121856867
27.2 0.11415860735009671
27.4 0.11475822050290135
27.6 0.11547388781431335
27.8 0.11627659574468086
28.0 0.11705996131528046
28.2 0.11777562862669246
28.4 0.11859767891682786
28.6 0.11929400386847196
28.8 0.11998065764023211
29.0 0.12070599613152805
29.2 0.12144100580270793
29.4 0.12225338491295938
29.6 0.12302707930367505
29.8 0.12375241779497098
30.0 0.12459381044487428
30.2 0.12531914893617022
30.4 0.1259284332688588
30.6 0.12667311411992263
30.8 0.12731141199226306
31.0 0.12807543520309478
31.2 0.1289845261121857
31.4 0.12983558994197292
31.6 0.1306963249516441
31.8 0.13163442940038686
32.0 0.1324081237911025
32.2 0.13303675048355898
32.4 0.13382978723404254
32.6 0.13459381044487428
32.8 0.1354642166344294
33.0 0.13621856866537718
33.2 0.1368762088974855
33.4 0.13764023210831722
33.6 0.13834622823984527
33.8 0.13909090909090907
34.0 0.13985493230174081
34.2 0.140715667311412
34.4 0.14136363636363636
34.6 0.1420019342359768
34.8 0.14285299806576401
35.0 0.14365570599613153
35.2 0.14451644100580271
35.4 0.1452127659574468
35.6 0.14594777562862668
35.8 0.1467504835589942
36.0 0.1474274661508704
36.2 0.14817214700193423
36.4 0.14893617021276595
36.6 0.1495551257253385
36.8 0.1504642166344294
37.0 0.15128626692456482
37.2 0.15203094777562862
37.4 0.15272727272727274
37.6 0.1534622823984526
37.8 0.15427466150870406
38.0 0.15515473887814313
38.2 0.15605415860735009
38.4 0.1566247582205029
38.6 0.1573017408123791
38.8 0.15809477756286267
39.0 0.1588394584139265
39.2 0.15956479690522243
39.4 0.16037717601547388
39.6 0.16100580270793036
39.8 0.16179883945841392
40.0 0.16258220502901352
40.2 0.16340425531914893
40.4 0.16416827852998064
40.6 0.1650193423597679
40.8 0.16568665377176015
41.0 0.1663733075435203
41.2 0.1669439071566731
41.4 0.1677176015473888
41.6 0.1684622823984526
41.8 0.1690909090909091
42.0 0.1698936170212766
42.2 0.170715667311412
42.4 0.17142166344294005
42.6 0.17199226305609283
42.8 0.17266924564796907
43.0 0.17323984526112185
43.2 0.17400386847195357
43.4 0.17467117988394584
43.6 0.17533849129593812
43.8 0.17608317214700192
44.0 0.1768375241779497
44.2 0.17759187620889746
44.4 0.17827852998065766
44.6 0.17886847195357836
44.8 0.17957446808510638
45.0 0.18034816247582205
45.2 0.18115087040618957
45.4 0.1818375241779497
45.6 0.1825338491295938
45.8 0.18331721470019344
46.0 0.18418762088974855
46.2 0.18481624758220502
46.4 0.18554158607350096
46.6 0.18620889748549324
46.8 0.18703094777562865
47.0 0.18776595744680852
47.2 0.1883752417794971
47.4 0.18910058027079304
47.6 0.18961315280464217
47.8 0.19024177949709867
48.0 0.19088007736943907
48.2 0.1915667311411992
48.4 0.19209864603481625
48.6 0.19280464216634427
48.8 0.1935880077369439
49.0 0.19425531914893618
49.2 0.1949709864603482
49.4 0.1956382978723404
49.6 0.19638297872340427
49.8 0.19710831721470018
50.0 0.19762088974854933
50.2 0.19823017408123791
50.4 0.19882978723404257
50.6 0.1995164410058027
50.8 0.2001257253384913
51.0 0.200715667311412
51.2 0.20136363636363636
51.4 0.2021276595744681
51.6 0.20277562862669246
51.8 0.20343326885880078
52.0 0.2039651837524178
52.2 0.20458413926499033
52.4 0.20523210831721472
52.6 0.2058510638297872
52.8 0.2065183752417795
53.0 0.20718568665377177
53.2 0.20783365570599613
53.4 0.20848162475822052
53.6 0.20920696324951646
53.8 0.20985493230174082
54.0 0.2104255319148936
54.2 0.21088974854932302
54.4 0.21156673114119923
54.6 0.21211798839458415
54.8 0.2127659574468085
55.0 0.21330754352030948
55.2 0.21402321083172146
55.4 0.21479690522243713
55.6 0.2154835589941973
55.8 0.21604448742746615
56.0 0.2167311411992263
56.2 0.21729206963249517
56.4 0.21794003868471953
56.6 0.2184816247582205
56.8 0.21911025145067697
57.0 0.21969052224371374
57.2 0.22020309477756286
57.4 0.22079303675048353
57.6 0.22140232108317215
57.8 0.2220212765957447
58.0 0.22257253384912962
58.2 0.22310444874274662
58.4 0.22363636363636363
58.6 0.224284332688588
58.8 0.2248065764023211
59.0 0.22559961315280463
59.2 0.22617988394584138
59.4 0.22684719535783365
59.6 0.2275725338491296
59.8 0.22810444874274663
60.0 0.22872340425531912
60.2 0.22940038684719535
60.4 0.22996131528046423
60.6 0.23058027079303675
60.8 0.23112185686653772
61.0 0.23176015473887815
61.2 0.23233075435203093
61.4 0.23300773694390717
61.6 0.23359767891682787
61.8 0.23423597678916827
62.0 0.23479690522243715
62.2 0.23539651837524178
62.4 0.2360154738878143
62.6 0.23667311411992262
62.8 0.23730174081237912
63.0 0.23798839458413926
63.2 0.23852030947775626
63.4 0.2390909090909091
63.6 0.23956479690522245
63.8 0.2402321083172147
64.0 0.24088974854932302
64.2 0.24145067698259187
64.4 0.24196324951644102
64.6 0.24254352030947776
64.8 0.24302707930367504
65.0 0.24363636363636362
65.2 0.24423597678916828
65.4 0.24486460348162475
65.6 0.24543520309477757
65.8 0.2459477756286267
66.0 0.2466247582205029
66.2 0.24714700193423597
66.4 0.24775628626692456
66.6 0.24822050290135397
66.8 0.24891682785299807
67.0 0.24941972920696326
67.2 0.24993230174081238
67.4 0.25064796905222436
67.6 0.25127659574468086
67.8 0.2518375241779497
68.0 0.2524274661508704
68.2 0.25295938104448745
68.4 0.2535880077369439
68.6 0.2541972920696325
68.8 0.2547582205029013
69.0 0.25535783365570597
69.2 0.255889748549323
69.4 0.2565377176015474
69.6 0.25714700193423595
69.8 0.2577369439071567
70.0 0.2584139264990329
70.2 0.2590232108317215
70.4 0.25963249516441006
70.6 0.26024177949709865
70.8 0.2609284332688588
71.0 0.2615570599613153
71.2 0.2620116054158607
71.4 0.26269825918762085
71.6 0.26338491295938105
71.8 0.26400386847195356
72.0 0.26458413926499036
72.2 0.26518375241779496
72.4 0.26570599613152807
72.6 0.26629593810444874
72.8 0.26684719535783363
73.0 0.2674177949709865
73.2 0.26794003868471955
73.4 0.26844294003868474
73.6 0.2690328820116054
73.8 0.269642166344294
74.0 0.27029013539651836
74.2 0.2709477756286267
74.4 0.27158607350096714
74.6 0.2721179883945841
74.8 0.27277562862669247
75.0 0.27333655705996135
75.2 0.27400386847195357
75.4 0.27458413926499037
75.6 0.27520309477756283
75.8 0.27573500967117986
76.0 0.27631528046421666
76.2 0.27692456479690525
76.4 0.27743713733075437
76.6 0.27802707930367504
76.8 0.2785589941972921
77.0 0.2789168278529981
77.2 0.2793907156673114
77.4 0.28005802707930366
77.6 0.28067698259187623
77.8 0.281247582205029
78.0 0.281779497098646
78.2 0.2823791102514507
78.4 0.28297872340425534
78.6 0.28359767891682786
78.8 0.28427466150870406
79.0 0.28486460348162473
79.2 0.28539651837524177
79.4 0.28593810444874274
79.6 0.28642166344294007
79.8 0.2871083172147002
80.0 0.2877659574468085
80.2 0.28840425531914893
80.4 0.2888394584139265
80.6 0.28931334622823984
80.8 0.28992263056092843
81.0 0.29045454545454547
81.2 0.2911218568665377
81.4 0.2916537717601548
81.6 0.29219535783365574
81.8 0.2927369439071567
82.0 0.2933365570599613
82.2 0.2938878143133462
82.4 0.294468085106383
82.6 0.2949516441005803
82.8 0.29544487427466154
83.0 0.2960251450676983
83.2 0.29663442940038687
83.4 0.2972050290135396
83.6 0.2976595744680851
83.8 0.2981141199226306
84.0 0.2986750483558994
84.2 0.299284332688588
84.4 0.2997969052224371
84.6 0.30032882011605416
84.8 0.3009574468085106
85.0 0.30154738878143134
85.2 0.3021276595744681
85.4 0.30272727272727273
85.6 0.30321083172147
85.8 0.3038878143133462
86.0 0.30441972920696325
86.2 0.3049419729206963
86.4 0.3055029013539652
86.6 0.30604448742746615
86.8 0.3067021276595745
87.0 0.3073017408123791
87.2 0.3078143133462282
87.4 0.3083752417794971
87.6 0.30899419729206967
87.8 0.30947775628626695
88.0 0.3099323017408124
88.2 0.3104061895551257
88.4 0.3109574468085106
88.6 0.31152804642166343
88.8 0.31204061895551255
89.0 0.31260154738878143
89.2 0.31313346228239847
89.4 0.3137040618955513
89.6 0.3142553191489362
89.8 0.31484526112185685
90.0 0.31546421663442936
90.2 0.31600580270793033
90.4 0.3164990328820116
90.6 0.31709864603481625
90.8 0.31778529980657644
91.0 0.3183655705996131
91.2 0.31886847195357837
91.4 0.31944874274661506
91.6 0.3198839458413926
91.8 0.3204352030947776
92.0 0.3209864603481625
92.2 0.32144100580270796
92.4 0.3219535783365571
92.6 0.32255319148936173
92.8 0.3231237911025145
93.0 0.32368471953578337
93.2 0.32421663442940035
93.4 0.3247001934235977
93.6 0.32529013539651835
93.8 0.32596711798839456
94.0 0.32665377176015475
94.2 0.32707930367504834
94.4 0.3277562862669246
94.6 0.3282011605415861
94.8 0.32888781431334624
95.0 0.32943907156673113
95.2 0.33002901353965186
95.4 0.33052224371373307
95.6 0.3310251450676983
95.8 0.33159574468085107
96.0 0.33213733075435203
96.2 0.3326208897485493
96.4 0.3332011605415861
96.6 0.3337911025145068
96.8 0.3343133462282398
97.0 0.33483558994197293
97.2 0.3353771760154739
97.4 0.33585106382978724
97.6 0.3363442940038685
97.8 0.3367698259187621
98.0 0.33725338491295936
98.2 0.33779497098646033
98.4 0.3382978723404256
98.6 0.3387814313346228
98.8 0.33932301740812376
99.0 0.339825918762089
99.2 0.34043520309477754
99.4 0.34090909090909094
99.6 0.34146034816247584
99.8 0.3420502901353965
100.0 0.3426112185686654
100.2 0.3432301740812379
100.4 0.34375241779497095
100.6 0.34421663442940037
100.8 0.34477756286266925
101.0 0.34513539651837527
101.2 0.34572533849129594
101.4 0.3462185686653772
101.6 0.34667311411992263
101.8 0.34719535783365574
102.0 0.34767891682785296
102.2 0.34823984526112184
102.4 0.3486266924564797
102.6 0.34915860735009674
102.8 0.3497001934235977
103.0 0.35024177949709867
103.2 0.35084139264990327
103.4 0.3513636363636363
103.6 0.3517504835589942
103.8 0.3523887814313346
104.0 0.35285299806576403
104.2 0.3533752417794971
104.4 0.3538684719535783
104.6 0.3543326885880077
104.8 0.35490328820116057
105.0 0.3555802707930368
105.2 0.3559767891682785
105.4 0.35650870406189555
105.6 0.3569825918762089
105.8 0.35741779497098647
106.0 0.3578239845261122
106.2 0.3583752417794971
106.4 0.35885880077369436
106.6 0.3593617021276596
106.8 0.35988394584139266
107.0 0.360357833655706
107.2 0.3609767891682785
107.4 0.36150870406189556
107.6 0.36204061895551254
107.8 0.36253384912959385
108.0 0.3630174081237911
108.2 0.36345261121856864
108.4 0.3638878143133462
108.6 0.3643423597678917
108.8 0.3648742746615087
109.0 0.36532882011605416
109.2 0.3657350096711799
109.4 0.36622823984526115
109.6 0.36670212765957444
109.8 0.367330754352031
110.0 0.3677176015473888
110.2 0.36823017408123787
110.4 0.36877176015473884
110.6 0.3694003868471954
110.8 0.3697775628626692
111.0 0.37027079303675053
111.2 0.3708220502901354
111.4 0.37124758220502907
111.6 0.37170212765957444
111.8 0.37222437137330755
112.0 0.3725435203094778
112.2 0.37299806576402317
112.4 0.3735009671179884
112.6 0.37400386847195355
112.8 0.37446808510638296
113.0 0.37484526112185684
113.2 0.3753384912959381
113.4 0.3757930367504836
113.6 0.3762185686653772
113.8 0.3767504835589942
114.0 0.3772340425531915
114.2 0.37762088974854935
114.4 0.3781334622823984
114.6 0.37864603481624753
114.8 0.3791682785299807
115.0 0.3797872340425532
115.2 0.3802321083172147
115.4 0.3806866537717602
115.6 0.38109284332688587
115.8 0.38157640232108314
116.0 0.38197292069632494
116.2 0.38248549323017406
116.4 0.3829206963249516
116.6 0.38351063829787235
116.8 0.3839071566731141
117.0 0.38435203094777565
117.2 0.3847678916827853
117.4 0.38525145067698263
117.6 0.3856866537717602
117.8 0.3861702127659574
118.0 0.38670212765957446
118.2 0.3871953578336557
118.4 0.3876499032882012
118.6 0.3882301740812379
118.8 0.3886073500967118
119.0 0.3891972920696325
119.2 0.3898065764023211
119.4 0.39029013539651836
119.6 0.39071566731141194
119.8 0.3912282398452611
120.0 0.3915860735009671
120.2 0.39193423597678917
120.4 0.3924564796905222
120.6 0.3930174081237911
120.8 0.3934622823984526
121.0 0.39387814313346226
121.2 0.3943617021276596
121.4 0.3947678916827853
121.6 0.39524177949709866
121.8 0.3956673114119923
122.0 0.3961605415860735
122.2 0.39650870406189553
122.4 0.3970309477756286
122.6 0.39759187620889747
122.8 0.3981141199226305
123.0 0.39857833655705993
123.2 0.39894584139264994
123.4 0.3993520309477756
123.6 0.3998646034816247
123.8 0.4004061895551257
124.0 0.4007736943907157
124.2 0.40118955512572535
124.4 0.40180851063829787
124.6 0.40218568665377175
124.8 0.40270793036750485
125.0 0.4031237911025145
125.2 0.4035009671179884
125.4 0.40387814313346226
125.6 0.4042940038684719
125.8 0.4046808510638298
126.0 0.4051257253384913
126.2 0.405531914893617
126.4 0.4058607350096712
126.6 0.40624758220502905
126.8 0.4066827852998066
127.0 0.4072630560928433
127.2 0.4077272727272727
127.4 0.40814313346228237
127.6 0.4086653771760155
127.8 0.4091392649903288
128.0 0.4095938104448743
128.2 0.41004835589941974
128.4 0.41060928433268856
128.6 0.41101547388781434
128.8 0.41146034816247584
129.0 0.4120116054158607
129.2 0.41244680851063825
129.4 0.41292069632495165
129.6 0.4135009671179884
129.8 0.4139555125725339
130.0 0.41438104448742746
130.2 0.41486460348162474
130.4 0.41543520309477755
130.6 0.4158413926499033
130.8 0.41633462282398453
131.0 0.4168085106382978
131.2 0.4173694390715667
131.4 0.41774661508704064
131.6 0.4182011605415861
131.8 0.4186073500967118
132.0 0.41909090909090907
132.2 0.41954545454545455
132.4 0.4199032882011606
132.6 0.42031914893617023
132.8 0.42080270793036756
133.0 0.42116054158607347
133.2 0.42161508704061895
133.4 0.4221083172147002
133.6 0.4225725338491296
133.8 0.4229883945841393
134.0 0.423568665377176
134.2 0.42405222437137335
134.4 0.42441972920696325
134.6 0.42488394584139266
134.8 0.4254835589941973
135.0 0.4260251450676983
135.2 0.4264119922630561
135.4 0.42684719535783366
135.6 0.427330754352031
135.8 0.4277562862669246
136.0 0.42821083172147
136.2 0.42868471953578335
136.4 0.429100580270793
136.6 0.42952611218568665
136.8 0.42995164410058023
137.0 0.4303868471953578
137.2 0.43082205029013537
137.4 0.4313056092843327
137.6 0.4316924564796905
137.8 0.4320793036750484
138.0 0.43263056092843327
138.2 0.433027079303675
138.4 0.4334622823984526
138.6 0.43391682785299807
138.8 0.43437137330754355
139.0 0.4347775628626692
139.2 0.4352127659574468
139.4 0.4357446808510638
139.6 0.4361992263056093
139.8 0.43676015473887814
140.0 0.4372920696324952
140.2 0.4376982591876209
140.4 0.4381528046421663
140.6 0.43868471953578336
140.8 0.43911025145067695
141.0 0.4394487427466151
141.2 0.4400193423597679
141.4 0.4404448742746615
141.6 0.4408027079303675
141.8 0.4412379110251451
142.0 0.4416827852998066
142.2 0.44212765957446803
142.4 0.4425628626692456
142.6 0.44300773694390716
142.8 0.4434622823984526
143.0 0.4439458413926499
143.2 0.4443907156673114
143.4 0.4448839458413926
143.6 0.44548355899419734
143.8 0.44585106382978723
144.0 0.4463733075435203
144.2 0.4467117988394584
144.4 0.4471760154738878
144.6 0.44761121856866537
144.8 0.4479497098646035
145.0 0.44853965183752414
145.2 0.4489458413926499
145.4 0.4494874274661509
145.6 0.44988394584139263
145.8 0.45034816247582204
146.0 0.4507253384912959
146.2 0.4510348162475822
146.4 0.4516441005802708
146.6 0.45200193423597684
146.8 0.4524081237911025
147.0 0.45276595744680853
147.2 0.45327852998065765
147.4 0.4537814313346228
147.6 0.45422630560928434
147.8 0.45456479690522245
148.0 0.45502901353965186
148.2 0.45536750483558996
148.4 0.45586073500967117
148.6 0.4562282398452611
148.8 0.4566634429400387
149.0 0.4571566731141199
149.2 0.45760154738878145
149.4 0.4580077369439071
149.6 0.45849129593810445
149.8 0.4588878143133462
150.0 0.4592746615087041
150.2 0.45977756286266924
150.4 0.46016441005802705
150.6 0.4605996131528046
150.8 0.4609381044487427
151.0 0.46127659574468083
151.2 0.4616827852998066
151.4 0.4620019342359768
151.6 0.46255319148936175
151.8 0.4628916827852998
152.0 0.4634526112185686
152.2 0.4639071566731141
152.4 0.46442940038684716
152.6 0.46483558994197294
152.8 0.4651934235976789
153.0 0.46572533849129594
153.2 0.4661315280464217
153.4 0.4665570599613153
153.6 0.4670019342359768
153.8 0.4673887814313346
154.0 0.467852998065764
154.2 0.46825918762088975
154.4 0.4686943907156673
154.6 0.469110251450677
154.8 0.4695841392649903
155.0 0.47005802707930366
155.2 0.4704255319148936
155.4 0.47089941972920696
155.6 0.4713249516441006
155.8 0.4716924564796905
156.0 0.4720019342359768
156.2 0.4723984526112186
156.4 0.47278529980657635
156.6 0.47327852998065767
156.8 0.4737427466150871
157.0 0.47409090909090906
157.2 0.47463249516441003
157.4 0.47504835589941974
157.6 0.4754255319148936
157.8 0.47568665377176017
158.0 0.47606382978723405
158.2 0.47644100580270793
158.4 0.4769439071566731
158.6 0.47739845261121855
158.8 0.477862669245648
159.0 0.4783268858800773
159.2 0.47882978723404257
159.4 0.47918762088974853
159.6 0.47963249516441003
159.8 0.4800290135396519
160.0 0.4804835589941973
160.2 0.4809864603481625
160.4 0.4813926499032882
160.6 0.4819148936170212
160.8 0.4823500967117988
161.0 0.48277562862669243
161.2 0.4831624758220503
161.4 0.4835493230174081
161.6 0.4840135396518375
161.8 0.48447775628626694
162.0 0.48484526112185683
162.2 0.4852321083172147
162.4 0.4855996131528046
162.6 0.48600580270793037
162.8 0.48636363636363633
163.0 0.48682785299806575
163.2 0.4872147001934236
163.4 0.4875725338491296
163.6 0.48795938104448744
163.8 0.48847195357833656
164.0 0.4889748549323017
164.2 0.4893230174081238
164.4 0.48970986460348165
164.6 0.49009671179883946
164.8 0.4904738878143134
165.0 0.49090909090909096
165.2 0.4912862669245648
165.4 0.4917504835589942
165.6 0.4920696324951644
165.8 0.4926595744680851
166.0 0.49308510638297876
166.2 0.4934816247582205
166.4 0.4939555125725339
166.6 0.4943326885880077
166.8 0.4947872340425532
167.0 0.49509671179883946
167.2 0.4956382978723404
167.4 0.49603481624758217
167.6 0.49638297872340426
167.8 0.4967504835589942
168.0 0.49716634429400386
168.2 0.4975435203094778
168.4 0.4979110251450677
168.6 0.49823984526112186
168.8 0.4987040618955513
169.0 0.49913926499032885
169.2 0.49946808510638296
169.4 0.4999806576402321
169.6 0.5003094777562862
169.8 0.5007640232108317
170.0 0.5011798839458413
170.2 0.501615087040619
170.4 0.5020406189555126
170.6 0.5024177949709865
170.8 0.5028916827852998
171.0 0.503384912959381
171.2 0.5037137330754352
171.4 0.5041489361702127
171.6 0.5045357833655706
171.8 0.5049903288201161
172.0 0.5055125725338491
172.2 0.5059187620889749
172.4 0.5064119922630561
172.6 0.5067988394584139
172.8 0.5071856866537717
173.0 0.5075918762088975
173.2 0.5079883945841392
173.4 0.5083752417794971
173.6 0.5087234042553191
173.8 0.5091779497098646
174.0 0.5095744680851064
174.2 0.5099129593810445
174.4 0.5103771760154739
174.6 0.5108220502901354
174.8 0.5111508704061896
175.0 0.5116537717601548
175.2 0.5120793036750484
175.4 0.5124371373307544
175.6 0.5128143133462282
175.8 0.5131914893617021
176.0 0.51357833655706
176.2 0.5140425531914894
176.4 0.5144777562862669
176.6 0.5148549323017408
176.8 0.5153288201160542
177.0 0.515541586073501
177.2 0.5159864603481625
177.4 0.5164023210831722
177.6 0.5169148936170213
177.8 0.517330754352031
178.0 0.5176305609284333
178.2 0.5181334622823984
178.4 0.5185396518375242
178.6 0.5190328820116055
178.8 0.5194197292069632
179.0 0.5198065764023211
179.2 0.5201160541586074
179.4 0.520522243713733
179.6 0.5209574468085106
179.8 0.5213636363636364
180.0 0.5217601547388782
180.2 0.5221179883945841
180.4 0.5225338491295939
180.6 0.5230077369439071
180.8 0.523394584139265
181.0 0.5238588007736944
181.2 0.5242649903288201
181.4 0.5246615087040619
181.6 0.5250676982591876
181.8 0.5255319148936171
182.0 0.5259767891682785
182.2 0.5264410058027079
182.4 0.5267408123791103
182.6 0.5271179883945841
182.8 0.5274758220502901
183.0 0.5278336557059962
183.2 0.5280657640232108
183.4 0.5284332688588007
183.6 0.5289071566731142
183.8 0.5293036750483558
184.0 0.5296518375241779
184.2 0.5301160541586074
184.4 0.5305125725338491
184.6 0.5307833655705996
184.8 0.5311702127659574
185.0 0.5316441005802708
185.2 0.5320309477756286
185.4 0.5324274661508704
185.6 0.5328336557059962
185.8 0.5331624758220503
186.0 0.5336073500967118
186.2 0.5340038684719536
186.4 0.5344584139264991
186.6 0.5348065764023211
186.8 0.5351547388781431
187.0 0.5355899419729208
187.2 0.5360251450676983
187.4 0.5363636363636364
187.6 0.5368568665377176
187.8 0.5372243713733076
188.0 0.5376499032882012
188.2 0.5380657640232108
188.4 0.5384139264990329
188.6 0.5387620889748549
188.8 0.5391295938104449
189.0 0.5395454545454546
189.2 0.5399419729206963
189.4 0.5402224371373308
189.6 0.5407350096711798
189.8 0.5410058027079304
190.0 0.5414023210831721
190.2 0.5417698259187621
190.4 0.5421760154738878
190.6 0.5425725338491296
190.8 0.5430174081237911
191.0 0.5434042553191489
191.2 0.543742746615087
191.4 0.5439845261121856
191.6 0.5443520309477756
191.8 0.5446808510638298
192.0 0.5451160541586073
192.2 0.5454835589941973
192.4 0.5457930367504836
192.6 0.5461508704061895
192.8 0.5465183752417795
193.0 0.5468375241779497
193.2 0.5472533849129594
193.4 0.5475822050290136
193.6 0.5479206963249517
193.8 0.5483075435203095
194.0 0.5486653771760155
194.2 0.5489941972920697
194.4 0.5494584139264991
194.6 0.5499226305609285
194.8 0.5503094777562862
195.0 0.5507253384912959
195.2 0.5510444874274661
195.4 0.551431334622824
195.6 0.551953578336557
195.8 0.5523404255319149
196.0 0.5526982591876208
196.2 0.5531334622823985
196.4 0.5535009671179885
196.6 0.553926499032882
196.8 0.554284332688588
197.0 0.5545938104448743
197.2 0.5549032882011605
197.4 0.5552611218568666
197.6 0.5556673114119923
197.8 0.5560735009671179
198.0 0.5564990328820116
198.2 0.5568858800773695
198.4 0.5572920696324952
198.6 0.5576595744680851
198.8 0.5581044487427466
199.0 0.5584139264990329
199.2 0.5587717601547388
199.4 0.559100580270793
199.6 0.5595357833655705
199.8 0.5598065764023211
200.0 0.5602127659574468
200.2 0.5606189555125725
200.4 0.5609864603481625
200.6 0.5614990328820116
200.8 0.5618568665377176
201.0 0.5621760154738878
201.2 0.5625241779497099
201.4 0.5629013539651837
201.6 0.5633172147001934
201.8 0.5636943907156673
202.0 0.564100580270793
202.2 0.5644970986460348
202.4 0.5649806576402321
202.6 0.5652998065764023
202.8 0.5655996131528046
203.0 0.5660251450676983
203.2 0.5663539651837525
203.4 0.56678916827853
203.6 0.567147001934236
203.8 0.5675725338491295
204.0 0.5679110251450676
204.2 0.568220502901354
204.4 0.5687330754352031
204.6 0.5689845261121856
204.8 0.569448742746615
205.0 0.5698355899419729
205.2 0.5702224371373308
205.4 0.5706189555125725
205.6 0.5709671179883946
205.8 0.5713442940038685
206.0 0.57178916827853
206.2 0.5721179883945842
206.4 0.5725531914893618
206.6 0.5729497098646035
206.8 0.5732688588007737
207.0 0.5736557059961315
207.2 0.5740425531914893
207.4 0.5744294003868472
207.6 0.5747775628626692
207.8 0.5753094777562863
208.0 0.5756576402321083
208.2 0.5759961315280464
208.4 0.5763539651837525
208.6 0.5767601547388782
208.8 0.5770986460348163
209.0 0.577495164410058
209.2 0.5778820116054159
209.4 0.5782011605415861
209.6 0.5785783365570599
209.8 0.578936170212766
210.0 0.5793520309477757
210.2 0.5798065764023211
210.4 0.5802611218568665
210.6 0.5806769825918763
210.8 0.5810831721470019
211.0 0.5814603481624758
211.2 0.5818955512572535
211.4 0.5822147001934236
211.6 0.5825531914893617
211.8 0.5830077369439072
212.0 0.5832785299806577
212.2 0.5836170212765958
212.4 0.5840038684719535
212.6 0.5844100580270792
212.8 0.5847292069632495
213.0 0.5850580270793037
213.2 0.5853868471953578
213.4 0.5857543520309477
213.6 0.5861702127659574
213.8 0.5865087040618956
214.0 0.5870019342359768
214.2 0.5873791102514506
214.4 0.5876692456479691
214.6 0.5880754352030948
214.8 0.5885299806576403
215.0 0.5888974854932302
215.2 0.5892263056092844
215.4 0.5895744680851064
215.6 0.5899323017408125
215.8 0.5904352030947776
216.0 0.5909090909090909
216.2 0.5911025145067699
216.4 0.5915473887814313
216.6 0.591953578336557
216.8 0.592321083172147
217.0 0.5926982591876209
217.2 0.593220502901354
217.4 0.5934526112185686
217.6 0.5937717601547389
217.8 0.5940425531914894
218.0 0.5944003868471954
218.2 0.5948162475822051
218.4 0.5952998065764024
218.6 0.5956286266924564
218.8 0.5960251450676983
219.0 0.59642166344294
219.2 0.5967311411992263
219.4 0.5970502901353965
219.6 0.597514506769826
219.8 0.597872340425532
220.0 0.5982785299806577
220.2 0.5986847195357834
220.4 0.5990812379110251
220.6 0.5994874274661509
220.8 0.5998452611218569
221.0 0.6002804642166344
221.2 0.6006673114119923
221.4 0.6009477756286267
221.6 0.6012669245647969
221.8 0.601605415860735
222.0 0.6019439071566731
222.2 0.6023694390715667
222.4 0.6027852998065764
222.6 0.6031624758220503
222.8 0.6036363636363636
223.0 0.6039748549323017
223.2 0.604458413926499
223.4 0.6048646034816247
223.6 0.6053384912959381
223.8 0.6056382978723405
224.0 0.6059961315280464
224.2 0.6063926499032882
224.4 0.6067601547388781
224.6 0.6070696324951644
224.8 0.6075241779497099
225.0 0.6078529980657641
225.2 0.6081528046421664
225.4 0.6084429400386847
225.6 0.6088878143133463
225.8 0.6092263056092844
226.0 0.6095744680851064
226.2 0.6098936170212766
226.4 0.6102224371373307
226.6 0.6106286266924564
226.8 0.6110541586073501
227.0 0.6115377176015474
227.2 0.6119439071566731
227.4 0.6123017408123791
227.6 0.612669245647969
227.8 0.6129980657640232
228.0 0.613384912959381
228.2 0.6137330754352032
228.4 0.614110251450677
228.6 0.6144874274661509
228.8 0.6148742746615087
229.0 0.6152127659574468
229.2 0.6156673114119923
229.4 0.6159767891682786
229.6 0.6163346228239845
229.8 0.616615087040619
230.0 0.6170696324951644
230.2 0.6175338491295939
230.4 0.6179497098646035
230.6 0.6183268858800773
230.8 0.6186943907156673
231.0 0.6190135396518375
231.2 0.6193230174081238
231.4 0.6196615087040619
231.6 0.6201160541586074
231.8 0.6205512572533849
232.0 0.620889748549323
232.2 0.6212379110251451
232.4 0.621615087040619
232.6 0.6220406189555125
232.8 0.6224177949709865
233.0 0.6226789168278529
233.2 0.6230560928433269
233.4 0.6235106382978723
233.6 0.6237814313346228
233.8 0.6241779497098646
234.0 0.6245744680851064
234.2 0.6248839458413926
234.4 0.6252224371373307
234.6 0.6255609284332688
234.8 0.6259381044487428
235.0 0.6263056092843327
235.2 0.6266441005802708
235.4 0.626963249516441
235.6 0.6272340425531915
235.8 0.6276789168278529
236.0 0.628017408123791
236.2 0.6284526112185687
236.4 0.6288007736943907
236.6 0.6291392649903288
236.8 0.6294874274661509
237.0 0.6298065764023211
237.2 0.6300870406189555
237.4 0.6304061895551257
237.6 0.6306769825918762
237.8 0.6311315280464217
238.0 0.6314410058027079
238.2 0.6318762088974855
238.4 0.6321856866537717
238.6 0.6325822050290135
238.8 0.6328916827852997
239.0 0.6333752417794971
239.2 0.6338394584139265
239.4 0.6341779497098646
239.6 0.6345454545454545
239.8 0.6349129593810445
240.0 0.6352707930367505
240.2 0.635541586073501
240.4 0.6359574468085106
240.6 0.6363346228239846
240.8 0.6365570599613153
241.0 0.6370212765957447
241.2 0.6373791102514507
241.4 0.6377659574468085
241.6 0.6381914893617021
241.8 0.6385009671179884
242.0 0.6389168278529981
242.2 0.6392069632495164
242.4 0.6394777562862669
242.6 0.6397485493230174
242.8 0.6401160541586073
243.0 0.6405029013539653
243.2 0.6408317214700193
243.4 0.6411508704061896
243.6 0.6414990328820116
243.8 0.6418375241779498
244.0 0.6421663442940039
244.2 0.6425628626692457
244.4 0.6429787234042553
244.6 0.6434042553191489
244.8 0.6438201160541586
245.0 0.644100580270793
245.2 0.6444294003868473
245.4 0.6447678916827853
245.6 0.6451450676982592
245.8 0.6454545454545455
246.0 0.6458317214700193
246.2 0.6461702127659575
246.4 0.6464506769825918
246.6 0.6467214700193423
246.8 0.6469535783365571
247.0 0.6473307543520309
247.2 0.6476305609284333
247.4 0.6480851063829788
247.6 0.6485396518375243
247.8 0.6488104448742746
248.0 0.6492553191489361
248.2 0.6496034816247582
248.4 0.6499613152804642
248.6 0.6503868471953578
248.8 0.6506576402321084
249.0 0.6509477756286267
249.2 0.6513539651837524
249.4 0.6517117988394584
249.6 0.6520019342359769
249.8 0.6522920696324951
250.0 0.6526208897485494
250.2 0.6529690522243713
250.4 0.6534235976789168
250.6 0.6537814313346229
250.8 0.6540909090909091
251.0 0.6543617021276595
251.2 0.6547388781431335
251.4 0.6549806576402321
251.6 0.6554061895551258
251.8 0.6556866537717602
252.0 0.656073500967118
252.2 0.6564313346228239
252.4 0.6568858800773694
252.6 0.6572147001934237
252.8 0.6576208897485494
253.0 0.658027079303675
253.2 0.6583462282398453
253.4 0.6586266924564796
253.6 0.6591102514506769
253.8 0.6595261121856866
254.0 0.659816247582205
254.2 0.6601063829787235
254.4 0.6604158607350097
254.6 0.6608413926499033
254.8 0.6611702127659576
255.0 0.6614700193423597
255.2 0.66178916827853
255.4 0.6622630560928434
255.6 0.6628336557059962
255.8 0.6633268858800774
256.0 0.6637814313346229
256.2 0.664100580270793
256.4 0.6644197292069633
256.6 0.6647872340425532
256.8 0.6651063829787235
257.0 0.6653868471953578
257.2 0.6657446808510639
257.4 0.6660251450676982
257.6 0.6663636363636364
257.8 0.6667214700193423
258.0 0.6670406189555126
258.2 0.6673984526112186
258.4 0.6676982591876209
258.6 0.6680754352030948
258.8 0.6684719535783366
259.0 0.6688684719535783
259.2 0.6691586073500967
259.4 0.6694100580270793
259.6 0.6698452611218569
259.8 0.670174081237911
260.0 0.670541586073501
260.2 0.670899419729207
260.4 0.6712379110251451
260.6 0.6716344294003868
260.8 0.671972920696325
261.0 0.672301740812379
261.2 0.672669245647969
261.4 0.6729206963249517
261.6 0.6732785299806576
261.8 0.6736460348162475
262.0 0.6740232108317215
262.2 0.6745067698259187
262.4 0.6748839458413927
262.6 0.6752127659574468
262.8 0.6757156673114121
263.0 0.676083172147002
263.2 0.6765570599613153
263.4 0.67678916827853
263.6 0.6771276595744681
263.8 0.6775145067698258
264.0 0.6778239845261121
264.2 0.6782011605415861
264.4 0.6785396518375242
264.6 0.6788588007736943
264.8 0.67926499032882
265.0 0.6795261121856866
265.2 0.6798646034816248
265.4 0.6801934235976789
265.6 0.6805609284332688
265.8 0.6808413926499033
266.0 0.6811702127659575
266.2 0.6815957446808512
266.4 0.6818858800773694
266.6 0.6821566731141199
266.8 0.6825822050290136
267.0 0.6829110251450677
267.2 0.6832301740812379
267.4 0.6835880077369438
267.6 0.6839168278529981
267.8 0.6842359767891684
268.0 0.6845841392649903
268.2 0.6848839458413927
268.4 0.6852707930367505
268.6 0.6855899419729207
268.8 0.6859381044487428
269.0 0.6863056092843327
269.2 0.6867214700193424
269.4 0.687137330754352
269.6 0.6874758220502902
269.8 0.6878143133462282
270.0 0.6882301740812379
270.2 0.6885976789168278
270.4 0.688936170212766
270.6 0.6891586073500967
270.8 0.6894294003868473
271.0 0.6897775628626692
271.2 0.690183752417795
271.4 0.6906189555125725
271.6 0.6909381044487428
271.8 0.6912959381044488
272.0 0.6916441005802707
272.2 0.6920986460348162
272.4 0.6924661508704062
272.6 0.6927949709864604
272.8 0.6930754352030948
273.0 0.6934332688588007
273.2 0.6938394584139265
273.4 0.6941586073500967
273.6 0.6945067698259187
273.8 0.6948839458413927
274.0 0.6952707930367505
274.2 0.6956189555125725
274.4 0.6959864603481624
274.6 0.6964603481624758
274.8 0.6968375241779498
275.0 0.6973017408123791
275.2 0.697678916827853
275.4 0.6979883945841392
275.6 0.6982978723404255
275.8 0.6986750483558994
276.0 0.6990909090909091
276.2 0.6993036750483559
276.4 0.6997292069632495
276.6 0.7000967117988395
276.8 0.7003771760154739
277.0 0.7007736943907156
277.2 0.7011411992263057
277.4 0.7014990328820115
277.6 0.7018762088974855
277.8 0.7022437137330755
278.0 0.7026208897485493
278.2 0.7031624758220503
278.4 0.7035686653771761
278.6 0.7039748549323018
278.8 0.704294003868472
279.0 0.7046324951644101
279.2 0.7050967117988395
279.4 0.7054738878143134
279.6 0.7057446808510639
279.8 0.7061315280464217
280.0 0.7064796905222437
280.2 0.70678916827853
280.4 0.7071083172147001
280.6 0.7075628626692456
280.8 0.7078820116054159
281.0 0.7082978723404255
281.2 0.7086750483558995
281.4 0.7090425531914893
281.6 0.7094680851063829
281.8 0.7098162475822051
282.0 0.7102514506769826
282.2 0.7105609284332688
282.4 0.7108607350096712
282.6 0.711257253384913
282.8 0.7116537717601547
283.0 0.7121083172147001
283.2 0.7123887814313347
283.4 0.7127176015473887
283.6 0.7130560928433269
283.8 0.7134139264990328
284.0 0.7137330754352031
284.2 0.7141392649903289
284.4 0.7143907156673115
284.6 0.7147485493230173
284.8 0.7151063829787234
285.0 0.7154158607350096
285.2 0.7157640232108317
285.4 0.7161702127659575
285.6 0.7164893617021276
285.8 0.7168375241779498
286.0 0.7171856866537718
286.2 0.7174371373307544
286.4 0.7178336557059961
286.6 0.7182108317214699
286.8 0.7186170212765957
287.0 0.7190038684719536
287.2 0.7193520309477757
287.4 0.7197388781431334
287.6 0.7201450676982591
287.8 0.7205125725338491
288.0 0.7207930367504836
288.2 0.7211121856866538
288.4 0.7214796905222437
288.6 0.7218471953578337
288.8 0.7221953578336557
289.0 0.7225338491295937
289.2 0.7229400386847195
289.4 0.7232495164410058
289.6 0.7235686653771761
289.8 0.72394584139265
290.0 0.7243423597678916
290.2 0.7247582205029013
290.4 0.725174081237911
290.6 0.7255029013539652
290.8 0.725880077369439
291.0 0.7262765957446808
291.2 0.7266441005802707
291.4 0.7270406189555126
291.6 0.7273210831721469
291.8 0.7277176015473887
292.0 0.728027079303675
292.2 0.7282688588007737
292.4 0.7286460348162476
292.6 0.729110251450677
292.8 0.7294487427466152
293.0 0.7298742746615088
293.2 0.7302804642166345
293.4 0.7306769825918762
293.6 0.7311025145067699
293.8 0.7313733075435204
294.0 0.7317311411992263
294.2 0.7320696324951643
294.4 0.7323694390715667
294.6 0.7328529980657641
294.8 0.73321083172147
295.0 0.7336653771760154
295.2 0.7339941972920697
295.4 0.7342940038684719
295.6 0.7346228239845262
295.8 0.7349903288201161
296.0 0.7353384912959381
296.2 0.7357640232108317
296.4 0.7360831721470019
296.6 0.7364119922630562
296.8 0.7368375241779498
297.0 0.7371953578336558
297.2 0.7375435203094777
297.4 0.7379013539651837
297.6 0.7382591876208897
297.8 0.738752417794971
298.0 0.7390812379110251
298.2 0.7394294003868472
298.4 0.7397582205029013
298.6 0.7401353965183752
298.8 0.7404835589941974
299.0 0.7409477756286268
299.2 0.7414023210831722
299.4 0.7418085106382979
299.6 0.7422340425531915
299.8 0.7426499032882012
300.0 0.7429690522243714
300.2 0.7434139264990328
300.4 0.7437427466150871
300.6 0.744110251450677
300.8 0.7445164410058027
301.0 0.7449032882011605
301.2 0.7452707930367505
301.4 0.7456092843326886
301.6 0.7459477756286268
301.8 0.7463346228239846
302.0 0.7467794970986461
302.2 0.7472147001934236
302.4 0.7476208897485493
302.6 0.7479787234042553
302.8 0.748375241779497
303.0 0.7486943907156673
303.2 0.7489845261121857
303.4 0.7493810444874275
303.6 0.749661508704062
303.8 0.7501160541586073
304.0 0.7504545454545455
304.2 0.7508510638297872
304.4 0.7512572533849129
304.6 0.7517214700193423
304.8 0.7520889748549322
305.0 0.7524081237911026
305.2 0.7528046421663442
305.4 0.7531334622823985
305.6 0.7535493230174082
305.8 0.7538491295938105
306.0 0.7542649903288201
306.2 0.7546228239845262
306.4 0.7550096711798839
306.6 0.755357833655706
306.8 0.7557059961315281
307.0 0.7561895551257254
307.2 0.7565764023210833
307.4 0.756963249516441
307.6 0.7573597678916828
307.8 0.7578239845261122
308.0 0.7582398452611219
308.2 0.7584622823984526
308.4 0.758762088974855
308.6 0.7590812379110251
308.8 0.7595067698259187
309.0 0.7598742746615088
309.2 0.7600967117988395
309.4 0.7604642166344294
309.6 0.7608510638297872
309.8 0.7611702127659575
310.0 0.7615860735009672
310.2 0.7619148936170212
310.4 0.7622050290135397
310.6 0.7625725338491296
310.8 0.7629110251450677
311.0 0.7633462282398453
311.2 0.7637814313346228
311.4 0.7641489361702127
311.6 0.7645261121856867
311.8 0.7649129593810444
312.0 0.7652998065764024
312.2 0.7656382978723404
312.4 0.7659864603481624
312.6 0.7663056092843327
312.8 0.7666344294003867
313.0 0.7669922630560929
313.2 0.767311411992263
313.4 0.7676208897485494
313.6 0.768046421663443
313.8 0.7683849129593809
314.0 0.7687717601547389
314.2 0.7691295938104449
314.4 0.7694680851063829
314.6 0.7698936170212766
314.8 0.7702998065764024
315.0 0.7706479690522243
315.2 0.7710058027079303
315.4 0.7713636363636364
315.6 0.7717214700193423
315.8 0.7720116054158608
316.0 0.7723307543520309
316.2 0.7726789168278531
316.4 0.7730560928433269
316.6 0.7734429400386847
316.8 0.7738104448742746
317.0 0.7742456479690522
317.2 0.7746034816247582
317.4 0.774980657640232
317.6 0.7753771760154738
317.8 0.7757156673114121
318.0 0.7759477756286267
318.2 0.7763346228239846
318.4 0.7767601547388782
318.6 0.7770889748549322
318.8 0.7773984526112185
319.0 0.7777079303675049
319.2 0.7780851063829788
319.4 0.7784235976789168
319.6 0.7788394584139264
319.8 0.7791876208897486
320.0 0.7796034816247582
320.2 0.7799032882011605
320.4 0.7802998065764024
320.6 0.7806479690522243
320.8 0.7810154738878142
321.0 0.7813539651837524
321.2 0.7817214700193423
321.4 0.78215667311412
321.6 0.7825338491295938
321.8 0.7828143133462282
322.0 0.7832011605415861
322.2 0.7836363636363636
322.4 0.7840232108317214
322.6 0.7843713733075436
322.8 0.7847582205029013
323.0 0.7851257253384912
323.2 0.7855222437137331
323.4 0.7858027079303674
323.6 0.7861025145067698
323.8 0.78642166344294
324.0 0.7866924564796904
324.2 0.7870986460348162
324.4 0.7874274661508704
324.6 0.7876692456479691
324.8 0.7879980657640232
325.0 0.788384912959381
325.2 0.7888007736943908
325.4 0.7891392649903288
325.6 0.7894680851063829
325.8 0.7898646034816248
326.0 0.7902901353965184
326.2 0.790725338491296
326.4 0.7910154738878142
326.6 0.7914893617021277
326.8 0.7917601547388782
327.0 0.7922147001934237
327.2 0.7924758220502902
327.4 0.792862669245648
327.6 0.79321083172147
327.8 0.7935880077369438
328.0 0.7939168278529981
328.2 0.7942069632495165
328.4 0.7945454545454546
328.6 0.7948936170212765
328.8 0.7952417794970986
329.0 0.7955609284332688
329.2 0.7959381044487428
329.4 0.7963152804642166
329.6 0.7967504835589942
329.8 0.7971566731141199
330.0 0.7976789168278531
330.2 0.7980657640232108
330.4 0.7985106382978724
330.6 0.798926499032882
330.8 0.7991972920696325
331.0 0.7995454545454546
331.2 0.7998646034816248
331.4 0.8001837524177949
331.6 0.8006189555125726
331.8 0.8009574468085107
332.0 0.8012185686653771
332.2 0.8015183752417795
332.4 0.8018858800773694
332.6 0.8023307543520309
332.8 0.8026208897485493
333.0 0.803027079303675
333.2 0.8032591876208898
333.4 0.8035976789168278
333.6 0.8040232108317213
333.8 0.8044777562862668
334.0 0.8048646034816248
334.2 0.805174081237911
334.4 0.8054738878143134
334.6 0.8058027079303675
334.8 0.806083172147002
335.0 0.8064506769825919
335.2 0.8068665377176015
335.4 0.8072340425531915
335.6 0.8076015473887814
335.8 0.808046421663443
336.0 0.8084719535783366
336.2 0.8088104448742746
336.4 0.809100580270793
336.6 0.8095841392649903
336.8 0.8099709864603482
337.0 0.810338491295938
337.2 0.8106866537717602
337.4 0.811083172147002
337.6 0.8114119922630562
337.8 0.8118471953578337
338.0 0.8121566731141199
338.2 0.8123984526112186
338.4 0.8127272727272726
338.6 0.8131044487427467
338.8 0.8133945841392649
339.0 0.8137137330754353
339.2 0.8140135396518375
339.4 0.814274661508704
339.6 0.8145454545454546
339.8 0.8149323017408123
340.0 0.815348162475822
340.2 0.8156479690522244
340.4 0.8160444874274662
340.6 0.8163829787234043
340.8 0.8167504835589942
341.0 0.8170696324951643
341.2 0.8173694390715667
341.4 0.8176595744680851
341.6 0.8179497098646035
341.8 0.8182978723404255
342.0 0.8186557059961315
342.2 0.8190618955512572
342.4 0.8193520309477756
342.6 0.8196131528046422
342.8 0.8199709864603482
343.0 0.8202998065764023
343.2 0.8206576402321083
343.4 0.8209574468085107
343.6 0.8213346228239845
343.8 0.8216537717601546
344.0 0.8220696324951643
344.2 0.8223887814313346
344.4 0.8228433268858801
344.6 0.8232785299806576
344.8 0.8235880077369439
345.0 0.8239555125725339
345.2 0.8242843326885879
345.4 0.8247195357833655
345.6 0.8250870406189555
345.8 0.8254061895551257
346.0 0.8257059961315281
346.2 0.8260251450676982
346.4 0.8264119922630562
346.6 0.8267214700193424
346.8 0.8271179883945841
347.0 0.8274371373307544
347.2 0.8277756286266924
347.4 0.8280851063829787
347.6 0.8285009671179884
347.8 0.828916827852998
348.0 0.8294003868471954
348.2 0.829825918762089
348.4 0.8302030947775628
348.6 0.8305802707930368
348.8 0.8309090909090909
349.0 0.8313249516441006
349.2 0.8316827852998065
349.4 0.8320406189555126
349.6 0.8323500967117988
349.8 0.832698259187621
350.0 0.8330174081237911
350.2 0.8333558994197293
350.4 0.8336170212765956
350.6 0.8339651837524178
350.8 0.8343423597678917
351.0 0.8347098646034816
351.2 0.8351353965183752
351.4 0.8354932301740813
351.6 0.8358027079303675
351.8 0.8362185686653771
352.0 0.8365183752417795
352.2 0.8369052224371373
352.4 0.8372823984526113
352.6 0.837688588007737
352.8 0.8380174081237911
353.0 0.8383558994197293
353.2 0.8386750483558995
353.4 0.8390038684719536
353.6 0.8392553191489361
353.8 0.8394970986460347
354.0 0.8398065764023211
354.2 0.8401450676982591
354.4 0.8404642166344294
354.6 0.8407930367504836
354.8 0.841063829787234
355.0 0.8414119922630562
355.2 0.8418955512572533
355.4 0.8422823984526113
355.6 0.8426305609284332
355.8 0.8428143133462282
356.0 0.8432495164410058
356.2 0.8435299806576403
356.4 0.8438007736943908
356.6 0.8441972920696326
356.8 0.8445647969052225
357.0 0.8448936170212765
357.2 0.8452417794970987
357.4 0.8455029013539652
357.6 0.8458413926499033
357.8 0.8462282398452611
358.0 0.846624758220503
358.2 0.8469922630560929
358.4 0.8473307543520309
358.6 0.8476402321083172
358.8 0.8479497098646034
359.0 0.8483172147001935
359.2 0.8485976789168278
359.4 0.8488201160541585
359.6 0.8491682785299807
359.8 0.8495067698259188
360.0 0.8497872340425532
360.2 0.850183752417795
360.4 0.8506189555125725
360.6 0.8508123791102514
360.8 0.8511605415860736
361.0 0.8514700193423598
361.2 0.8518471953578337
361.4 0.8522340425531916
361.6 0.8526208897485493
361.8 0.8528820116054159
362.0 0.853384912959381
362.2 0.8536170212765957
362.4 0.8539845261121858
362.6 0.8543907156673114
362.8 0.8547969052224371
363.0 0.855183752417795
363.2 0.8555609284332688
363.4 0.855909090909091
363.6 0.8561508704061896
363.8 0.8564410058027079
364.0 0.856798839458414
364.2 0.8570212765957447
364.4 0.857321083172147
364.6 0.857688588007737
364.8 0.8580560928433268
365.0 0.8582688588007737
365.2 0.8586170212765957
365.4 0.8589941972920697
365.6 0.8593133462282398
365.8 0.8595647969052225
366.0 0.8599516441005802
366.2 0.8602611218568665
366.4 0.8606963249516442
366.6 0.8610348162475822
366.8 0.8613249516441006
367.0 0.8616441005802707
367.2 0.8619439071566731
367.4 0.8622727272727273
367.6 0.8626015473887815
367.8 0.8628916827852998
368.0 0.8632785299806577
368.2 0.8636073500967117
368.4 0.8638684719535783
368.6 0.8641295938104449
368.8 0.8644003868471954
369.0 0.864642166344294
369.2 0.8649806576402321
369.4 0.8652127659574468
369.6 0.8655802707930367
369.8 0.8658704061895551
370.0 0.8662088974854931
370.2 0.8665667311411993
370.4 0.866798839458414
370.6 0.867127659574468
370.8 0.8674564796905223
371.0 0.8677369439071566
371.2 0.8680464216634429
371.4 0.8682882011605416
371.6 0.8686653771760154
371.8 0.8690135396518376
372.0 0.8693907156673114
372.2 0.869835589941973
372.4 0.8700483558994198
372.6 0.8703675048355899
372.8 0.8707736943907156
373.0 0.87105415860735
373.2 0.8713636363636365
373.4 0.8715957446808511
373.6 0.871963249516441
373.8 0.8723404255319148
374.0 0.8726015473887814
374.2 0.8728820116054159
374.4 0.8731431334622825
374.6 0.873394584139265
374.8 0.8737040618955513
375.0 0.8740328820116053
375.2 0.8743713733075436
375.4 0.8747582205029013
375.6 0.8750483558994198
375.8 0.8753771760154738
376.0 0.8756189555125725
376.2 0.8760058027079303
376.4 0.8763539651837524
376.6 0.876605415860735
376.8 0.8769729206963249
377.0 0.8772823984526112
377.2 0.8775531914893616
377.4 0.8777949709864603
377.6 0.8781914893617021
377.8 0.8784622823984526
378.0 0.878752417794971
378.2 0.8790038684719537
378.4 0.8793423597678917
378.6 0.8796131528046423
378.8 0.8798646034816248
379.0 0.880164410058027
379.2 0.8804835589941973
379.4 0.8807930367504835
379.6 0.88105415860735
379.8 0.8813829787234043
380.0 0.881605415860735
380.2 0.8819439071566731
380.4 0.8822630560928434
380.6 0.8825338491295938
380.8 0.882852998065764
381.0 0.8831624758220502
381.2 0.883375241779497
381.4 0.8837234042553191
381.6 0.8839845261121857
381.8 0.8842359767891683
382.0 0.8845261121856867
382.2 0.8847678916827852
382.4 0.8850967117988395
382.6 0.885357833655706
382.8 0.8855996131528046
383.0 0.8859284332688588
383.2 0.8861895551257254
383.4 0.8864990328820116
383.6 0.886798839458414
383.8 0.8870889748549322
384.0 0.8873887814313346
384.2 0.8876208897485494
384.4 0.887872340425532
384.6 0.8882205029013539
384.8 0.8885396518375243
385.0 0.888752417794971
385.2 0.8889941972920696
385.4 0.8892940038684719
385.6 0.8895454545454545
385.8 0.8898065764023211
386.0 0.890174081237911
386.2 0.8903771760154738
386.4 0.8906769825918762
386.6 0.891083172147002
386.8 0.8914603481624758
387.0 0.8917698259187621
387.2 0.8919825918762089
387.4 0.8922437137330754
387.6 0.892495164410058
387.8 0.892707930367505
388.0 0.893036750483559
388.2 0.8932785299806576
388.4 0.893568665377176
388.6 0.8939458413926499
388.8 0.89426499032882
389.0 0.8946034816247582
389.2 0.8948065764023211
389.4 0.8952611218568666
389.6 0.8955125725338492
389.8 0.8956866537717602
390.0 0.8959961315280464
390.2 0.896237911025145
390.4 0.8965957446808511
390.6 0.8968762088974854
390.8 0.8972437137330754
391.0 0.8974854932301741
391.2 0.8979497098646034
391.4 0.8982301740812378
391.6 0.8984622823984526
391.8 0.8987524177949711
392.0 0.8990232108317214
392.2 0.8992359767891683
392.4 0.8995744680851064
392.6 0.8999226305609284
392.8 0.900174081237911
393.0 0.9004255319148936
393.2 0.9006576402321084
393.4 0.9009767891682786
393.6 0.9013249516441006
393.8 0.9015473887814314
394.0 0.9018762088974854
394.2 0.9020889748549322
394.4 0.9023694390715667
394.6 0.9025822050290135
394.8 0.9028143133462282
395.0 0.9030077369439071
395.2 0.9032495164410058
395.4 0.9035493230174082
395.6 0.9038007736943908
395.8 0.9041489361702127
396.0 0.904458413926499
396.2 0.904671179883946
396.4 0.9050290135396518
396.6 0.9053191489361703
396.8 0.9056769825918762
397.0 0.9059284332688589
397.2 0.9061121856866537
397.4 0.9063346228239846
397.6 0.9065280464216634
397.8 0.9067021276595745
398.0 0.9070502901353966
398.2 0.9073307543520309
398.4 0.9075338491295938
398.6 0.9078336557059962
398.8 0.9080754352030947
399.0 0.9082978723404256
399.2 0.9085203094777563
399.4 0.908742746615087
399.6 0.9089748549323018
399.8 0.9093230174081238
400.0 0.9096421663442941
400.2 0.9098839458413928
400.4 0.9100676982591877
400.6 0.9103191489361703
400.8 0.9105512572533848
401.0 0.9108607350096711
401.2 0.9111992263056092
401.4 0.9113636363636364
401.6 0.9116441005802707
401.8 0.9118085106382979
402.0 0.9120212765957447
402.2 0.9122727272727273
402.4 0.9125531914893616
402.6 0.9128143133462282
402.8 0.9130560928433269
403.0 0.9133558994197293
403.2 0.9136170212765957
403.4 0.9138684719535783
403.6 0.9141102514506769
403.8 0.9143520309477756
404.0 0.9145938104448743
404.2 0.9148646034816248
404.4 0.9150386847195358
404.6 0.9153868471953578
404.8 0.9156866537717602
405.0 0.9159767891682786
405.2 0.916228239845261
405.4 0.9165667311411992
405.6 0.9168181818181819
405.8 0.9171083172147001
406.0 0.9174468085106383
406.2 0.9177562862669245
406.4 0.918036750483559
406.6 0.9182591876208898
406.8 0.9184816247582205
407.0 0.918762088974855
407.2 0.9189651837524179
407.4 0.91926499032882
407.6 0.9196228239845261
407.8 0.9198646034816248
408.0 0.9200870406189555
408.2 0.9202901353965184
408.4 0.9205029013539652
408.6 0.9206673114119923
408.8 0.9209187620889749
409.0 0.9211605415860735
409.2 0.9214506769825919
409.4 0.9216827852998065
409.6 0.9218858800773694
409.8 0.9221276595744681
410.0 0.9223694390715668
410.2 0.9225918762088975
410.4 0.922862669245648
410.6 0.9231334622823986
410.8 0.9234042553191489
411.0 0.9236847195357833
411.2 0.9239458413926499
411.4 0.9241102514506769
411.6 0.9243230174081237
411.8 0.9245938104448743
412.0 0.9248452611218569
412.2 0.9250870406189555
412.4 0.9253578336557059
412.6 0.9255705996131528
412.8 0.9257833655705996
413.0 0.9260541586073501
413.2 0.9263636363636364
413.4 0.9265860735009671
413.6 0.92678916827853
413.8 0.9270309477756287
414.0 0.9272340425531915
414.2 0.9274854932301742
414.4 0.9277369439071567
414.6 0.9279110251450677
414.8 0.9281141199226306
415.0 0.9282978723404256
415.2 0.9284816247582205
415.4 0.928762088974855
415.6 0.9290038684719536
415.8 0.9292166344294004
416.0 0.9294294003868473
416.2 0.9296808510638297
416.4 0.9298936170212765
416.6 0.9301353965183752
416.8 0.9304061895551257
417.0 0.9306382978723404
417.2 0.9308027079303675
417.4 0.9309671179883946
417.6 0.9312088974854932
417.8 0.9314410058027078
418.0 0.9315764023210832
418.2 0.9317504835589943
418.4 0.9319342359767891
418.6 0.932137330754352
418.8 0.9324177949709864
419.0 0.9325628626692456
419.2 0.9327949709864604
419.4 0.933046421663443
419.6 0.9332688588007737
419.8 0.9334816247582205
420.0 0.9335976789168278
420.2 0.933771760154739
420.4 0.9339651837524179
420.6 0.9341779497098647
420.8 0.9344680851063829
421.0 0.9347098646034816
421.2 0.9350386847195358
421.4 0.9352321083172147
421.6 0.9354158607350097
421.8 0.9355802707930367
422.0 0.9357640232108316
422.2 0.9359864603481625
422.4 0.936228239845261
422.6 0.9363829787234043
422.8 0.9365667311411993
423.0 0.9367698259187621
423.2 0.9369245647969052
423.4 0.9370986460348162
423.6 0.9372920696324951
423.8 0.9374661508704062
424.0 0.9376499032882012
424.2 0.9378916827852999
424.4 0.9380851063829787
424.6 0.9383172147001935
424.8 0.9384622823984526
425.0 0.9386363636363636
425.2 0.938936170212766
425.4 0.9390522243713733
425.6 0.9392553191489361
425.8 0.9395357833655705
426.0 0.9397485493230174
426.2 0.9399032882011604
426.4 0.9400967117988395
426.6 0.940338491295938
426.8 0.9404738878143134
427.0 0.9406769825918763
427.2 0.9409284332688589
427.4 0.9410831721470019
427.6 0.941237911025145
427.8 0.9414023210831722
428.0 0.9415570599613153
428.2 0.9417504835589942
428.4 0.9419245647969052
428.6 0.9420502901353965
428.8 0.9421760154738879
429.0 0.9423887814313346
429.2 0.9425241779497098
429.4 0.9427466150870406
429.6 0.9429013539651838
429.8 0.9429980657640232
430.0 0.9431141199226306
430.2 0.9432591876208898
430.4 0.9433945841392649
430.6 0.9436170212765957
430.8 0.9438104448742746
431.0 0.9439941972920697
431.2 0.9441876208897486
431.4 0.9443520309477756
431.6 0.9445744680851064
431.8 0.9447582205029014
432.0 0.9449806576402321
432.2 0.9452707930367505
432.4 0.9454158607350096
432.6 0.9455996131528046
432.8 0.9457930367504835
433.0 0.9459767891682787
433.2 0.9461121856866538
433.4 0.946237911025145
433.6 0.9463829787234043
433.8 0.9465570599613153
434.0 0.9467408123791102
434.2 0.9469148936170213
434.4 0.9470406189555126
434.6 0.947147001934236
434.8 0.9473500967117988
435.0 0.9475048355899419
435.2 0.947688588007737
435.4 0.9478336557059961
435.6 0.9480174081237911
435.8 0.9482591876208898
436.0 0.9484235976789168
436.2 0.9486073500967117
436.4 0.9488297872340425
436.6 0.9489748549323018
436.8 0.9491682785299806
437.0 0.949294003868472
437.2 0.9494294003868472
437.4 0.949661508704062
437.6 0.9499032882011604
437.8 0.9500193423597679
438.0 0.9501450676982591
438.2 0.9503288201160541
438.4 0.9504642166344294
438.6 0.9505899419729207
438.8 0.9507930367504835
439.0 0.9509671179883946
439.2 0.9511218568665377
439.4 0.9512282398452611
439.6 0.9513733075435203
439.8 0.9515957446808511
440.0 0.9517794970986461
440.2 0.9519342359767892
440.4 0.9521083172147001
440.6 0.952311411992263
440.8 0.9524661508704062
441.0 0.9526402321083173
441.2 0.9528143133462282
441.4 0.953036750483559
441.6 0.9531334622823985
441.8 0.9533268858800774
442.0 0.9535589941972922
442.2 0.9537040618955512
442.4 0.9538878143133462
442.6 0.9540618955512572
442.8 0.9542456479690522
443.0 0.9543810444874274
443.2 0.9544970986460348
443.4 0.954661508704062
443.6 0.9547775628626692
443.8 0.9549419729206963
444.0 0.9551353965183752
444.2 0.955348162475822
444.4 0.9555125725338491
444.6 0.9556576402321083
444.8 0.9558510638297872
445.0 0.9559671179883946
445.2 0.9561508704061896
445.4 0.9563152804642167
445.6 0.9564410058027079
445.8 0.9566537717601546
446.0 0.956808510638298
446.2 0.9570309477756287
446.4 0.9573210831721469
446.6 0.9574081237911025
446.8 0.9576112185686654
447.0 0.9577659574468085
447.2 0.9579497098646034
447.4 0.9580754352030948
447.6 0.9581914893617021
447.8 0.9582785299806577
448.0 0.9584622823984525
448.2 0.9585493230174081
448.4 0.9586653771760154
448.6 0.9588104448742746
448.8 0.9589941972920697
449.0 0.9591682785299807
449.2 0.9592843326885879
449.4 0.9594294003868472
449.6 0.9595744680851064
449.8 0.9597098646034816
450.0 0.9598549323017409
450.2 0.9599613152804642
450.4 0.9601450676982591
450.6 0.9602707930367506
450.8 0.9604158607350096
451.0 0.9605609284332688
451.2 0.960715667311412
451.4 0.9608897485493231
451.6 0.9609864603481624
451.8 0.9611121856866538
452.0 0.9612765957446808
452.2 0.9614023210831723
452.4 0.9614990328820116
452.6 0.9615860735009671
452.8 0.9617117988394583
453.0 0.9618955512572533
453.2 0.9620889748549323
453.4 0.9622630560928433
453.6 0.9623887814313347
453.8 0.9625241779497098
454.0 0.9626305609284332
454.2 0.9627852998065763
454.4 0.9629013539651838
454.6 0.963027079303675
454.8 0.9631624758220503
455.0 0.9632591876208898
455.2 0.9633462282398453
455.4 0.9635203094777564
455.6 0.9636073500967117
455.8 0.9637427466150871
456.0 0.9638684719535783
456.2 0.9639941972920697
456.4 0.9641489361702128
456.6 0.9643036750483559
456.8 0.9644680851063829
457.0 0.9645744680851064
457.2 0.9647195357833656
457.4 0.9648452611218569
457.6 0.9650193423597679
457.8 0.9650967117988395
458.0 0.9652707930367506
458.2 0.9654352030947776
458.4 0.9655802707930367
458.6 0.9657446808510639
458.8 0.9658704061895551
459.0 0.9659574468085107
459.2 0.9660541586073501
459.4 0.9661798839458414
459.6 0.9663539651837525
459.8 0.9665183752417795
460.0 0.966615087040619
460.2 0.9666731141199226
460.4 0.9668085106382979
460.6 0.9669825918762089
460.8 0.967137330754352
461.0 0.9672147001934236
461.2 0.9672920696324951
461.4 0.9674371373307544
461.6 0.9675435203094778
461.8 0.9676208897485493
462.0 0.9677756286266924
462.2 0.9678529980657641
462.4 0.9679400386847195
462.6 0.9680851063829787
462.8 0.9682301740812379
463.0 0.9683655705996133
463.2 0.9684622823984526
463.4 0.9685106382978723
463.6 0.9686557059961315
463.8 0.968771760154739
464.0 0.9688684719535783
464.2 0.9690135396518376
464.4 0.969110251450677
464.6 0.9691972920696326
464.8 0.9692649903288201
465.0 0.9693810444874275
465.2 0.9694874274661508
465.4 0.969661508704062
465.6 0.9697485493230174
465.8 0.9698162475822051
466.0 0.9698936170212765
466.2 0.969990328820116
466.4 0.9701063829787234
466.6 0.9702417794970987
466.8 0.9704158607350096
467.0 0.9705125725338491
467.2 0.9705802707930367
467.4 0.9706576402321083
467.6 0.970715667311412
467.8 0.9708220502901354
468.0 0.9709187620889749
468.2 0.9710541586073501
468.4 0.9711315280464217
468.6 0.9712475822050289
468.8 0.9713249516441006
469.0 0.9714506769825918
469.2 0.9715667311411993
469.4 0.9716634429400386
469.6 0.9717794970986461
469.8 0.9718665377176015
470.0 0.971982591876209
470.2 0.9720599613152805
470.4 0.9721663442940038
470.6 0.9723210831721469
470.8 0.9724371373307544
471.0 0.9724951644100581
471.2 0.9726112185686654
471.4 0.9727272727272727
471.6 0.9728239845261122
471.8 0.9728916827852998
472.0 0.9730657640232109
472.2 0.9731431334622824
472.4 0.973220502901354
472.6 0.9733172147001935
472.8 0.9733945841392649
473.0 0.9735299806576403
473.2 0.9737234042553191
473.4 0.9737814313346229
473.6 0.9738878143133463
473.8 0.9739941972920697
474.0 0.9740812379110251
474.2 0.9741489361702128
474.4 0.9742263056092844
474.6 0.9743230174081238
474.8 0.9744487427466152
475.0 0.9745744680851064
475.2 0.974651837524178
475.4 0.9747388781431334
475.6 0.9747872340425532
475.8 0.9749129593810444
476.0 0.9750096711798839
476.2 0.9751934235976789
476.4 0.9752901353965184
476.6 0.9753578336557059
476.8 0.9754835589941974
477.0 0.9755705996131527
477.2 0.9756673114119923
477.4 0.9757446808510639
477.6 0.9758510638297873
477.8 0.9759187620889749
478.0 0.976063829787234
478.2 0.9762185686653772
478.4 0.9763442940038685
478.6 0.9764410058027079
478.8 0.9765667311411993
479.0 0.9766731141199226
479.2 0.976798839458414
479.4 0.9768762088974854
479.6 0.976963249516441
479.8 0.9770116054158607
480.0 0.9770986460348162
480.2 0.9772243713733075
480.4 0.9773500967117988
480.6 0.977504835589942
480.8 0.9776015473887815
481.0 0.9777079303675049
481.2 0.9777562862669246
481.4 0.97784332688588
481.6 0.9779787234042553
481.8 0.9781044487427466
482.0 0.9781624758220502
482.2 0.9782398452611218
482.4 0.9783365570599614
482.6 0.978394584139265
482.8 0.9784912959381045
483.0 0.9786073500967117
483.2 0.9786653771760154
483.4 0.9787814313346229
483.6 0.978936170212766
483.8 0.9790522243713733
484.0 0.9791392649903288
484.2 0.9792359767891683
484.4 0.9793520309477757
484.6 0.9794487427466152
484.8 0.9795164410058027
485.0 0.9796131528046422
485.2 0.9797872340425532
485.4 0.9798646034816249
485.6 0.9799709864603482
485.8 0.9801063829787234
486.0 0.980183752417795
486.2 0.9802030947775628
486.4 0.9802707930367505
486.6 0.980328820116054
486.8 0.9804158607350096
487.0 0.9805125725338492
487.2 0.9805705996131527
487.4 0.9806286266924564
487.6 0.9807059961315281
487.8 0.9808317214700193
488.0 0.9809381044487427
488.2 0.9810444874274661
488.4 0.9811315280464217
488.6 0.9812088974854931
488.8 0.9813249516441006
489.0 0.9813733075435204
489.2 0.9814410058027079
489.4 0.9814603481624757
489.6 0.9815473887814313
489.8 0.9816441005802707
490.0 0.9817117988394584
490.2 0.9817601547388781
490.4 0.9818181818181819
490.6 0.9819052224371373
490.8 0.9820019342359768
491.0 0.9820502901353966
491.2 0.9821179883945841
491.4 0.9821663442940038
491.6 0.9822243713733075
491.8 0.9823017408123791
492.0 0.9824081237911025
492.2 0.9824468085106384
492.4 0.9825241779497098
492.6 0.9826015473887815
492.8 0.982698259187621
493.0 0.9827659574468085
493.2 0.9828143133462283
493.4 0.9828820116054159
493.6 0.9829497098646034
493.8 0.983027079303675
494.0 0.9830754352030948
494.2 0.9831431334622824
494.4 0.9832398452611218
494.6 0.9833268858800774
494.8 0.983384912959381
495.0 0.9834622823984526
495.2 0.9835396518375242
495.4 0.9836073500967117
495.6 0.9836943907156673
495.8 0.9837911025145069
496.0 0.9838491295938104
496.2 0.983916827852998
496.4 0.9839748549323017
496.6 0.9840425531914893
496.8 0.9841005802707931
497.0 0.9841972920696326
497.2 0.984274661508704
497.4 0.9843617021276596
497.6 0.9844197292069633
497.8 0.984468085106383
498.0 0.9845261121856866
498.2 0.9846034816247582
498.4 0.984651837524178
498.6 0.9847098646034815
498.8 0.9847775628626693
499.0 0.9848162475822051
499.2 0.9849032882011605
499.4 0.9849709864603482
499.6 0.9850870406189556
499.8 0.9851450676982592
500.0 0.9852804642166345
500.2 0.9853191489361702
500.4 0.9853965183752418
500.6 0.9854352030947776
500.8 0.9854738878143133
501.0 0.9855609284332688
501.2 0.9856092843326886
501.4 0.985715667311412
501.6 0.9857736943907156
501.8 0.9858704061895551
502.0 0.9859381044487427
502.2 0.9860058027079304
502.4 0.986073500967118
502.6 0.9861315280464217
502.8 0.9861702127659575
503.0 0.9862572533849129
503.2 0.9863152804642167
503.4 0.9863926499032882
503.6 0.9864506769825918
503.8 0.9865087040618955
504.0 0.9865957446808511
504.2 0.9866441005802707
504.4 0.9866634429400386
504.6 0.9867408123791103
504.8 0.9868181818181818
505.0 0.9868858800773694
505.2 0.9869535783365571
505.4 0.9870019342359768
505.6 0.9870889748549323
505.8 0.987127659574468
506.0 0.9872050290135397
506.2 0.9872630560928434
506.4 0.987292069632495
506.6 0.9873694390715667
506.8 0.9874177949709865
507.0 0.9874661508704062
507.2 0.9875435203094777
507.4 0.9875918762088974
507.6 0.9876305609284333
507.8 0.987678916827853
508.0 0.9877272727272727
508.2 0.9877852998065764
508.4 0.987862669245648
508.6 0.9879206963249517
508.8 0.9879883945841392
509.0 0.9880560928433268
509.2 0.9881334622823985
509.4 0.9881528046421663
509.6 0.9882301740812379
509.8 0.9882591876208897
510.0 0.9883172147001935
510.2 0.9883655705996133
510.4 0.9884235976789167
510.6 0.9884912959381045
510.8 0.9885589941972921
511.0 0.9886847195357834
511.2 0.988752417794971
511.4 0.9887814313346229
511.6 0.9888104448742746
511.8 0.9888684719535783
512.0 0.9888878143133462
512.2 0.9889168278529981
512.4 0.9889748549323018
512.6 0.9890135396518376
512.8 0.9890522243713733
513.0 0.9891392649903288
513.2 0.9892456479690521
513.4 0.9892553191489362
513.6 0.989284332688588
513.8 0.9893713733075435
514.0 0.9894390715667312
514.2 0.9894487427466152
514.4 0.9895164410058027
514.6 0.9895744680851064
514.8 0.989642166344294
515.0 0.9897098646034815
515.2 0.9897582205029013
515.4 0.9897678916827853
515.6 0.9898162475822051
515.8 0.9898452611218569
516.0 0.9898839458413927
516.2 0.9899323017408124
516.4 0.9899709864603481
516.6 0.9900193423597679
516.8 0.9900580270793037
517.0 0.9901160541586073
517.2 0.990164410058027
517.4 0.9902514506769826
517.6 0.9903094777562863
517.8 0.9903191489361702
518.0 0.9903771760154738
518.2 0.9904352030947776
518.4 0.9904835589941974
518.6 0.9905319148936171
518.8 0.9905802707930367
519.0 0.9906286266924564
519.2 0.9906673114119923
519.4 0.9907059961315281
519.6 0.9907736943907156
519.8 0.9907930367504835
520.0 0.9908123791102514
520.2 0.9908317214700193
520.4 0.9908413926499032
520.6 0.990889748549323
520.8 0.9909574468085107
521.0 0.9909767891682786
521.2 0.9910251450676982
521.4 0.9910638297872341
521.6 0.9911315280464217
521.8 0.9911798839458414
522.0 0.991237911025145
522.2 0.9913152804642167
522.4 0.9913539651837524
522.6 0.9914119922630562
522.8 0.9914603481624757
523.0 0.9914796905222437
523.2 0.9915473887814313
523.4 0.9915667311411993
523.6 0.9915860735009672
523.8 0.9915957446808511
524.0 0.9916441005802707
524.2 0.9916537717601547
524.4 0.9917117988394584
524.6 0.9917311411992263
524.8 0.9917698259187621
525.0 0.9918085106382979
525.2 0.9918471953578337
525.4 0.9918955512572534
525.6 0.9919148936170212
525.8 0.9919535783365571
526.0 0.991982591876209
526.2 0.9920019342359768
526.4 0.9920406189555127
526.6 0.9920599613152805
526.8 0.9920986460348162
527.0 0.9921760154738878
527.2 0.9921953578336558
527.4 0.9922147001934236
527.6 0.9922437137330755
527.8 0.9922823984526112
528.0 0.992311411992263
528.2 0.9923404255319148
528.4 0.9923887814313346
528.6 0.9924081237911025
528.8 0.9924564796905223
529.0 0.9924854932301741
529.2 0.9925531914893617
529.4 0.9926015473887815
529.6 0.9926305609284333
529.8 0.9926595744680852
530.0 0.992678916827853
530.2 0.9927079303675049
530.4 0.9927272727272727
530.6 0.9927562862669245
530.8 0.9927562862669245
531.0 0.9927949709864603
531.2 0.9928046421663442
531.4 0.9928143133462283
531.6 0.992862669245648
531.8 0.9928916827852998
532.0 0.9929206963249517
532.2 0.9929690522243714
532.4 0.9930077369439071
532.6 0.993036750483559
532.8 0.9930560928433269
533.0 0.9931141199226307
533.2 0.9931624758220502
533.4 0.9931914893617021
533.6 0.9931914893617021
533.8 0.9932301740812379
534.0 0.9932591876208897
534.2 0.9932978723404255
534.4 0.9933268858800774
534.6 0.9933655705996132
534.8 0.993394584139265
535.0 0.9934235976789167
535.2 0.9934526112185686
535.4 0.9934912959381045
535.6 0.9935203094777563
535.8 0.9935493230174082
536.0 0.9935783365570601
536.2 0.9935880077369439
536.4 0.9935880077369439
536.6 0.9935880077369439
536.8 0.9936653771760154
537.0 0.9936943907156673
537.2 0.9937330754352032
537.4 0.9937814313346229
537.6 0.9938201160541585
537.8 0.9938588007736944
538.0 0.9938878143133462
538.2 0.99394584139265
538.4 0.9939555125725339
538.6 0.9939651837524178
538.8 0.9940232108317214
539.0 0.9940425531914893
539.2 0.994090909090909
539.4 0.9941295938104449
539.6 0.9941586073500968
539.8 0.9941972920696326
540.0 0.9942069632495165
540.2 0.9942359767891683
540.4 0.9942553191489361
540.6 0.9942649903288201
540.8 0.994284332688588
541.0 0.9943036750483558
541.2 0.9943133462282399
541.4 0.9943423597678916
541.6 0.9943423597678916
541.8 0.9944100580270794
542.0 0.9944197292069633
542.2 0.9944294003868472
542.4 0.9944487427466151
542.6 0.9944777562862669
542.8 0.9945261121856867
543.0 0.9945647969052225
543.2 0.9945744680851064
543.4 0.9945841392649903
543.6 0.9946131528046422
543.8 0.994642166344294
544.0 0.994661508704062
544.2 0.9947001934235976
544.4 0.9947485493230174
544.6 0.9947485493230174
544.8 0.9947678916827853
545.0 0.9947969052224371
545.2 0.994825918762089
545.4 0.994835589941973
545.6 0.9948839458413927
545.8 0.9949032882011605
546.0 0.9949516441005802
546.2 0.9949709864603481
546.4 0.9949709864603481
546.6 0.9949806576402321
546.8 0.9949903288201161
547.0 0.9950483558994198
547.2 0.9950580270793037
547.4 0.9950580270793037
547.6 0.9951063829787234
547.8 0.9951450676982592
548.0 0.995183752417795
548.2 0.9951934235976789
548.4 0.9952514506769826
548.6 0.9952901353965184
548.8 0.9953288201160541
549.0 0.9953771760154738
549.2 0.9953868471953577
549.4 0.9953965183752418
549.6 0.9954061895551257
549.8 0.9954158607350096
550.0 0.9954158607350096
550.2 0.9954352030947775
550.4 0.9954642166344294
550.6 0.9954738878143133
550.8 0.9955029013539652
551.0 0.9955125725338492
551.2 0.9955415860735011
551.4 0.9955609284332688
551.6 0.9955996131528047
551.8 0.9956576402321083
552.0 0.9956866537717601
552.2 0.995715667311412
552.4 0.995715667311412
552.6 0.995725338491296
552.8 0.9957350096711799
553.0 0.9957446808510639
553.2 0.9957543520309479
553.4 0.9957833655705995
553.6 0.9958027079303675
553.8 0.9958123791102514
554.0 0.9958220502901354
554.2 0.9958317214700193
554.4 0.995899419729207
554.6 0.9959477756286268
554.8 0.9959574468085107
555.0 0.9959574468085107
555.2 0.9959671179883947
555.4 0.9960348162475822
555.6 0.996073500967118
555.8 0.996073500967118
556.0 0.996073500967118
556.2 0.9961315280464217
556.4 0.9961605415860736
556.6 0.9961798839458414
556.8 0.9962088974854931
557.0 0.9962282398452611
557.2 0.9962862669245648
557.4 0.9963152804642167
557.6 0.9963249516441006
557.8 0.9963442940038685
558.0 0.9963442940038685
558.2 0.9963539651837524
558.4 0.9963926499032882
558.6 0.9964023210831722
558.8 0.9964119922630562
559.0 0.996431334622824
559.2 0.9964700193423597
559.4 0.9964990328820116
559.6 0.9965183752417794
559.8 0.9965570599613153
560.0 0.9965667311411992
560.2 0.9965764023210832
560.4 0.9965957446808511
560.6 0.996615087040619
560.8 0.996615087040619
561.0 0.996615087040619
561.2 0.996615087040619
561.4 0.996624758220503
561.6 0.9966344294003868
561.8 0.9966634429400386
562.0 0.9966827852998066
562.2 0.9967214700193423
562.4 0.9967408123791103
562.6 0.9967408123791103
562.8 0.9967601547388781
563.0 0.99678916827853
563.2 0.9968085106382979
563.4 0.9968181818181818
563.6 0.9968375241779498
563.8 0.9968471953578337
564.0 0.9968568665377175
564.2 0.9969052224371373
564.4 0.9969148936170212
564.6 0.9969535783365571
564.8 0.996963249516441
565.0 0.9969729206963249
565.2 0.996982591876209
565.4 0.9970019342359768
565.6 0.9970212765957447
565.8 0.9970406189555127
566.0 0.9970889748549322
566.2 0.9970986460348162
566.4 0.9971179883945841
566.6 0.997137330754352
566.8 0.9971663442940039
567.0 0.9971760154738878
567.2 0.9971953578336558
567.4 0.9971953578336558
567.6 0.9971953578336558
567.8 0.9972147001934236
568.0 0.9972243713733075
568.2 0.9972243713733075
568.4 0.9972437137330755
568.6 0.9972630560928434
568.8 0.9972630560928434
569.0 0.9972727272727273
569.2 0.9972920696324951
569.4 0.9973017408123791
569.6 0.9973404255319148
569.8 0.9973694390715667
570.0 0.9973694390715667
570.2 0.9973887814313346
570.4 0.9973984526112186
570.6 0.9973984526112186
570.8 0.9973984526112186
571.0 0.9974081237911026
571.2 0.9974371373307543
571.4 0.9974468085106384
571.6 0.9974661508704062
571.8 0.9974661508704062
572.0 0.9974951644100581
572.2 0.9975048355899419
572.4 0.9975241779497098
572.6 0.9975338491295938
572.8 0.9975725338491296
573.0 0.9975725338491296
573.2 0.9975822050290135
573.4 0.9975822050290135
573.6 0.9976305609284333
573.8 0.9976305609284333
574.0 0.9976305609284333
574.2 0.9976499032882011
574.4 0.9976499032882011
574.6 0.9976595744680852
574.8 0.997688588007737
575.0 0.9977079303675049
575.2 0.9977079303675049
575.4 0.9977176015473888
575.6 0.9977176015473888
575.8 0.9977369439071566
576.0 0.9977562862669245
576.2 0.9977659574468085
576.4 0.9977756286266924
576.6 0.9977949709864603
576.8 0.9977949709864603
577.0 0.9978046421663442
577.2 0.9978143133462283
577.4 0.9978239845261122
577.6 0.9978239845261122
577.8 0.9978336557059961
578.0 0.997852998065764
578.2 0.997862669245648
578.4 0.997872340425532
578.6 0.9978916827852998
578.8 0.9979013539651838
579.0 0.9979013539651838
579.2 0.9979110251450678
579.4 0.9979206963249517
579.6 0.9979303675048357
579.8 0.9979400386847195
580.0 0.9979497098646034
580.2 0.9979593810444873
580.4 0.9979690522243714
580.6 0.9979787234042553
580.8 0.9979883945841392
581.0 0.9979883945841392
581.2 0.9979980657640232
581.4 0.9980077369439071
581.6 0.9980174081237911
581.8 0.9980174081237911
582.0 0.9980270793036751
582.2 0.998036750483559
582.4 0.998036750483559
582.6 0.998036750483559
582.8 0.998036750483559
583.0 0.998036750483559
583.2 0.9980464216634429
583.4 0.9980464216634429
583.6 0.9980657640232109
583.8 0.9980657640232109
584.0 0.9980754352030948
584.2 0.9980754352030948
584.4 0.9980851063829788
584.6 0.9980947775628627
584.8 0.9980947775628627
585.0 0.9980947775628627
585.2 0.9980947775628627
585.4 0.9981044487427466
585.6 0.9981141199226307
585.8 0.9981141199226307
586.0 0.9981141199226307
586.2 0.9981237911025146
586.4 0.9981237911025146
586.6 0.9981528046421663
586.8 0.9981528046421663
587.0 0.9981624758220502
587.2 0.9981914893617021
587.4 0.9981914893617021
587.6 0.998201160541586
587.8 0.9982205029013539
588.0 0.9982205029013539
588.2 0.9982495164410058
588.4 0.9982495164410058
588.6 0.9982591876208897
588.8 0.9982882011605416
589.0 0.9982882011605416
589.2 0.9982978723404256
589.4 0.9983075435203095
589.6 0.9983075435203095
589.8 0.9983172147001934
590.0 0.9983172147001934
590.2 0.9983462282398453
590.4 0.9983655705996132
590.6 0.9983655705996132
590.8 0.998384912959381
591.0 0.998384912959381
591.2 0.998384912959381
591.4 0.998394584139265
591.6 0.9984042553191489
591.8 0.9984042553191489
592.0 0.9984235976789168
592.2 0.9984235976789168
592.4 0.9984235976789168
592.6 0.9984235976789168
592.8 0.9984429400386847
593.0 0.9984429400386847
593.2 0.9984622823984526
593.4 0.9984622823984526
593.6 0.9984719535783365
593.8 0.9984719535783365
594.0 0.9984816247582206
594.2 0.9984816247582206
594.4 0.9985106382978723
594.6 0.9985106382978723
594.8 0.9985106382978723
595.0 0.9985299806576403
595.2 0.9985396518375242
595.4 0.9985396518375242
595.6 0.9985493230174082
595.8 0.9985589941972921
596.0 0.998568665377176
596.2 0.9985783365570601
596.4 0.9985880077369438
596.6 0.9985976789168278
596.8 0.9986073500967118
597.0 0.9986170212765957
597.2 0.9986266924564796
597.4 0.9986266924564796
597.6 0.9986266924564796
597.8 0.9986363636363635
598.0 0.9986363636363635
598.2 0.9986557059961315
598.4 0.9986653771760154
598.6 0.9986653771760154
598.8 0.9986653771760154
599.0 0.9986653771760154
599.2 0.9986750483558994
599.4 0.9986847195357833
599.6 0.9986847195357833
599.8 0.9986847195357833
600.0 0.9986847195357833
600.2 0.9986847195357833
600.4 0.9986847195357833
600.6 0.9986943907156673
600.8 0.9987137330754352
601.0 0.9987137330754352
601.2 0.9987330754352031
601.4 0.9987330754352031
601.6 0.9987427466150871
601.8 0.9987427466150871
602.0 0.998762088974855
602.2 0.998762088974855
602.4 0.998762088974855
602.6 0.998762088974855
602.8 0.998762088974855
603.0 0.9987717601547389
603.2 0.9987814313346228
603.4 0.9987911025145069
603.6 0.9987911025145069
603.8 0.9988007736943908
604.0 0.9988007736943908
604.2 0.9988007736943908
604.4 0.9988104448742746
604.6 0.9988297872340425
604.8 0.9988297872340425
605.0 0.9988394584139264
605.2 0.9988394584139264
605.4 0.9988394584139264
605.6 0.9988394584139264
605.8 0.9988491295938104
606.0 0.9988684719535783
606.2 0.9988684719535783
606.4 0.9988781431334622
606.6 0.9988781431334622
606.8 0.9988878143133462
607.0 0.9988878143133462
607.2 0.9988974854932302
607.4 0.998926499032882
607.6 0.998926499032882
607.8 0.998926499032882
608.0 0.998926499032882
608.2 0.998926499032882
608.4 0.998926499032882
608.6 0.998926499032882
608.8 0.998926499032882
609.0 0.998926499032882
609.2 0.998926499032882
609.4 0.998926499032882
609.6 0.9989361702127659
609.8 0.9989361702127659
610.0 0.99894584139265
610.2 0.9989555125725339
610.4 0.9989651837524178
610.6 0.9989748549323018
610.8 0.9989748549323018
611.0 0.9989748549323018
611.2 0.9989748549323018
611.4 0.9989748549323018
611.6 0.9989845261121857
611.8 0.9989845261121857
612.0 0.9989941972920697
612.2 0.9989941972920697
612.4 0.9989941972920697
612.6 0.9989941972920697
612.8 0.9990038684719537
613.0 0.9990038684719537
613.2 0.9990135396518376
613.4 0.9990135396518376
613.6 0.9990135396518376
613.8 0.9990135396518376
614.0 0.9990232108317214
614.2 0.9990328820116053
614.4 0.9990328820116053
614.6 0.9990425531914893
614.8 0.9990425531914893
615.0 0.9990425531914893
615.2 0.9990425531914893
615.4 0.9990425531914893
615.6 0.9990522243713733
615.8 0.9990522243713733
616.0 0.9990618955512572
616.2 0.9990618955512572
616.4 0.9990618955512572
616.6 0.9990715667311412
616.8 0.9990715667311412
617.0 0.9990715667311412
617.2 0.9990715667311412
617.4 0.9990715667311412
617.6 0.9990715667311412
617.8 0.9990715667311412
618.0 0.9990715667311412
618.2 0.9990715667311412
618.4 0.9990812379110251
618.6 0.9990812379110251
618.8 0.9990812379110251
619.0 0.9990812379110251
619.2 0.9990812379110251
619.4 0.9990812379110251
619.6 0.999090909090909
619.8 0.9991005802707931
620.0 0.999110251450677
620.2 0.9991295938104449
620.4 0.9991295938104449
620.6 0.9991295938104449
620.8 0.9991295938104449
621.0 0.9991295938104449
621.2 0.9991295938104449
621.4 0.9991295938104449
621.6 0.9991295938104449
621.8 0.9991392649903288
622.0 0.9991392649903288
622.2 0.9991489361702128
622.4 0.9991586073500968
622.6 0.9991682785299807
622.8 0.9991682785299807
623.0 0.9991779497098646
623.2 0.9991779497098646
623.4 0.9991779497098646
623.6 0.9991779497098646
623.8 0.9991779497098646
624.0 0.9991779497098646
624.2 0.9991779497098646
624.4 0.9991779497098646
624.6 0.9991876208897486
624.8 0.9991972920696326
625.0 0.9991972920696326
625.2 0.9991972920696326
625.4 0.9991972920696326
625.6 0.9992069632495165
625.8 0.9992166344294005
626.0 0.9992263056092844
626.2 0.9992263056092844
626.4 0.9992263056092844
626.6 0.9992263056092844
626.8 0.9992359767891683
627.0 0.9992456479690521
627.2 0.9992456479690521
627.4 0.9992456479690521
627.6 0.9992456479690521
627.8 0.9992456479690521
628.0 0.9992456479690521
628.2 0.9992649903288201
628.4 0.999274661508704
628.6 0.999274661508704
628.8 0.999274661508704
629.0 0.999274661508704
629.2 0.999274661508704
629.4 0.999284332688588
629.6 0.9992940038684719
629.8 0.9992940038684719
630.0 0.9992940038684719
630.2 0.9992940038684719
630.4 0.9992940038684719
630.6 0.9993036750483558
630.8 0.9993230174081238
631.0 0.9993230174081238
631.2 0.9993423597678917
631.4 0.9993423597678917
631.6 0.9993423597678917
631.8 0.9993423597678917
632.0 0.9993423597678917
632.2 0.9993423597678917
632.4 0.9993423597678917
632.6 0.9993520309477756
632.8 0.9993617021276596
633.0 0.9993617021276596
633.2 0.9993713733075436
633.4 0.9993713733075436
633.6 0.9993810444874275
633.8 0.9993907156673114
634.0 0.9993907156673114
634.2 0.9994003868471953
634.4 0.9994003868471953
634.6 0.9994003868471953
634.8 0.9994197292069633
635.0 0.9994197292069633
635.2 0.9994294003868472
635.4 0.9994294003868472
635.6 0.9994390715667312
635.8 0.9994390715667312
636.0 0.9994487427466151
636.2 0.9994487427466151
636.4 0.9994584139264989
636.6 0.9994584139264989
636.8 0.9994584139264989
637.0 0.9994584139264989
637.2 0.9994584139264989
637.4 0.9994584139264989
637.6 0.999468085106383
637.8 0.999468085106383
638.0 0.9994777562862669
638.2 0.9994777562862669
638.4 0.9994777562862669
638.6 0.9994874274661508
638.8 0.9994970986460348
639.0 0.9994970986460348
639.2 0.9994970986460348
639.4 0.9995067698259187
639.6 0.9995067698259187
639.8 0.9995067698259187
640.0 0.9995067698259187
640.2 0.9995164410058027
640.4 0.9995261121856867
640.6 0.9995261121856867
640.8 0.9995357833655706
641.0 0.9995357833655706
641.2 0.9995454545454545
641.4 0.9995454545454545
641.6 0.9995454545454545
641.8 0.9995454545454545
642.0 0.9995454545454545
642.2 0.9995454545454545
642.4 0.9995454545454545
642.6 0.9995454545454545
642.8 0.9995551257253384
643.0 0.9995551257253384
643.2 0.9995551257253384
643.4 0.9995551257253384
643.6 0.9995551257253384
643.8 0.9995551257253384
644.0 0.9995551257253384
644.2 0.9995647969052225
644.4 0.9995647969052225
644.6 0.9995744680851064
644.8 0.9995841392649903
645.0 0.9995938104448743
645.2 0.9996034816247582
645.4 0.9996034816247582
645.6 0.9996131528046422
645.8 0.9996228239845262
646.0 0.9996228239845262
646.2 0.9996228239845262
646.4 0.9996228239845262
646.6 0.9996228239845262
646.8 0.9996228239845262
647.0 0.9996228239845262
647.2 0.9996228239845262
647.4 0.9996228239845262
647.6 0.9996324951644101
647.8 0.999642166344294
648.0 0.999642166344294
648.2 0.999651837524178
648.4 0.999651837524178
648.6 0.9996711798839459
648.8 0.9996808510638298
649.0 0.9996808510638298
649.2 0.9996808510638298
649.4 0.9996808510638298
649.6 0.9996808510638298
649.8 0.9996808510638298
650.0 0.9996808510638298
650.2 0.9996808510638298
650.4 0.9996905222437137
650.6 0.9996905222437137
650.8 0.9997001934235976
651.0 0.9997098646034815
651.2 0.9997098646034815
651.4 0.9997098646034815
651.6 0.9997098646034815
651.8 0.9997098646034815
652.0 0.9997098646034815
652.2 0.9997098646034815
652.4 0.9997098646034815
652.6 0.9997098646034815
652.8 0.9997098646034815
653.0 0.9997098646034815
653.2 0.9997195357833655
653.4 0.9997195357833655
653.6 0.9997195357833655
653.8 0.9997195357833655
654.0 0.9997195357833655
654.2 0.9997195357833655
654.4 0.9997195357833655
654.6 0.9997292069632495
654.8 0.9997388781431334
655.0 0.9997388781431334
655.2 0.9997485493230174
655.4 0.9997582205029013
655.6 0.9997582205029013
655.8 0.9997582205029013
656.0 0.9997582205029013
656.2 0.9997582205029013
656.4 0.9997582205029013
656.6 0.9997582205029013
656.8 0.9997582205029013
657.0 0.9997582205029013
657.2 0.9997582205029013
657.4 0.9997678916827852
657.6 0.9997678916827852
657.8 0.9997775628626693
658.0 0.9997872340425532
658.2 0.9997872340425532
658.4 0.9997969052224371
658.6 0.9997969052224371
658.8 0.9997969052224371
659.0 0.9998065764023211
659.2 0.9998065764023211
659.4 0.9998065764023211
659.6 0.9998065764023211
659.8 0.999816247582205
660.0 0.999825918762089
660.2 0.999825918762089
660.4 0.999825918762089
660.6 0.999835589941973
660.8 0.9998452611218569
661.0 0.9998452611218569
661.2 0.9998452611218569
661.4 0.9998452611218569
661.6 0.9998549323017408
661.8 0.9998549323017408
662.0 0.9998646034816248
662.2 0.9998646034816248
662.4 0.9998646034816248
662.6 0.9998646034816248
662.8 0.9998646034816248
663.0 0.9998646034816248
663.2 0.9998646034816248
663.4 0.9998646034816248
663.6 0.9998646034816248
663.8 0.9998646034816248
664.0 0.9998646034816248
664.2 0.9998646034816248
664.4 0.9998742746615088
664.6 0.9998742746615088
664.8 0.9998742746615088
665.0 0.9998742746615088
665.2 0.9998742746615088
665.4 0.9998839458413927
665.6 0.9998839458413927
665.8 0.9998839458413927
666.0 0.9998839458413927
666.2 0.9998839458413927
666.4 0.9998839458413927
666.6 0.9998839458413927
666.8 0.9998839458413927
667.0 0.9998839458413927
667.2 0.9998839458413927
667.4 0.9998936170212765
667.6 0.9998936170212765
667.8 0.9998936170212765
668.0 0.9998936170212765
668.2 0.9998936170212765
668.4 0.9999032882011605
668.6 0.9999032882011605
668.8 0.9999032882011605
669.0 0.9999129593810444
669.2 0.9999129593810444
669.4 0.9999129593810444
669.6 0.9999129593810444
669.8 0.9999129593810444
670.0 0.9999129593810444
670.2 0.9999129593810444
670.4 0.9999129593810444
670.6 0.9999129593810444
670.8 0.9999129593810444
671.0 0.9999129593810444
671.2 0.9999129593810444
671.4 0.9999129593810444
671.6 0.9999129593810444
671.8 0.9999129593810444
672.0 0.9999129593810444
672.2 0.9999129593810444
672.4 0.9999129593810444
672.6 0.9999129593810444
672.8 0.9999129593810444
673.0 0.9999129593810444
673.2 0.9999129593810444
673.4 0.9999129593810444
673.6 0.9999129593810444
673.8 0.9999129593810444
674.0 0.9999129593810444
674.2 0.9999129593810444
674.4 0.9999129593810444
674.6 0.9999129593810444
674.8 0.9999129593810444
675.0 0.9999129593810444
675.2 0.9999129593810444
675.4 0.9999129593810444
675.6 0.9999129593810444
675.8 0.9999129593810444
676.0 0.9999129593810444
676.2 0.9999129593810444
676.4 0.9999129593810444
676.6 0.9999129593810444
676.8 0.9999129593810444
677.0 0.9999129593810444
677.2 0.9999129593810444
677.4 0.9999129593810444
677.6 0.9999129593810444
677.8 0.9999226305609283
678.0 0.9999226305609283
678.2 0.9999226305609283
678.4 0.9999226305609283
678.6 0.9999226305609283
678.8 0.9999226305609283
679.0 0.9999323017408124
679.2 0.9999323017408124
679.4 0.9999323017408124
679.6 0.9999323017408124
679.8 0.9999323017408124
680.0 0.9999323017408124
680.2 0.9999323017408124
680.4 0.9999323017408124
680.6 0.9999323017408124
680.8 0.9999323017408124
681.0 0.9999323017408124
681.2 0.9999323017408124
681.4 0.9999323017408124
681.6 0.9999323017408124
681.8 0.9999323017408124
682.0 0.9999419729206963
682.2 0.9999419729206963
682.4 0.9999419729206963
682.6 0.9999419729206963
682.8 0.9999419729206963
683.0 0.9999419729206963
683.2 0.9999419729206963
683.4 0.9999419729206963
683.6 0.9999419729206963
683.8 0.9999419729206963
684.0 0.9999419729206963
684.2 0.9999419729206963
684.4 0.9999419729206963
684.6 0.9999419729206963
684.8 0.9999419729206963
685.0 0.9999419729206963
685.2 0.9999419729206963
685.4 0.9999419729206963
685.6 0.9999419729206963
685.8 0.9999419729206963
686.0 0.9999419729206963
686.2 0.9999419729206963
686.4 0.9999419729206963
686.6 0.9999419729206963
686.8 0.9999419729206963
687.0 0.9999419729206963
687.2 0.9999516441005802
687.4 0.9999613152804642
687.6 0.9999613152804642
687.8 0.9999613152804642
688.0 0.9999613152804642
688.2 0.9999613152804642
688.4 0.9999613152804642
688.6 0.9999613152804642
688.8 0.9999613152804642
689.0 0.9999613152804642
689.2 0.9999613152804642
689.4 0.9999709864603481
689.6 0.9999709864603481
689.8 0.9999709864603481
690.0 0.9999709864603481
690.2 0.9999709864603481
690.4 0.9999709864603481
690.6 0.9999806576402321
690.8 0.9999806576402321
691.0 0.9999806576402321
691.2 0.9999903288201161
691.4 0.9999903288201161
691.6 0.9999903288201161
691.8 0.9999903288201161
692.0 0.9999903288201161
692.2 0.9999903288201161
692.4 0.9999903288201161
692.6 0.9999903288201161
692.8 0.9999903288201161
693.0 0.9999903288201161
693.2 0.9999903288201161
693.4 0.9999903288201161
693.6 0.9999903288201161
693.8 1.0
