557.15
498.082
366.46799999999996
355.194
451.174
456.646
431.59
342.192
401.162
496.954
456.28000000000003
487.64799999999997
435.804
409.248
532.332
426.87600000000003
407.61
546.004
380.076
539.612
431.58599999999996
573.454
419.32399999999996
415.02
381.004
439.26800000000003
362.82800000000003
442.784
435.78000000000003
407.882
417.01599999999996
451.28599999999994
501.73
432.01800000000003
431.188
476.55
415.97799999999995
505.872
405.346
403.882
435.816
367.174
471.47799999999995
390.118
406.246
377.812
401.332
464.064
459.47799999999995
492.41
446.058
447.942
371.822
362.728
513.6020000000001
409.51599999999996
497.39
400.998
377.834
366.698
466.77
451.23999999999995
442.64399999999995
386.898
501.33000000000004
372.87800000000004
366.534
622.55
428.866
529.188
442.39
521.49
566.36
352.23400000000004
423.06800000000004
500.33599999999996
422.442
369.98
397.19
493.96400000000006
407.83000000000004
426.552
483.134
603.29
357.258
426.166
501.61199999999997
448.57
449.55
440.91999999999996
490.41400000000004
460.34
510.56000000000006
406.808
492.668
542.61
507.082
511.47200000000004
485.678
405.896
387.03000000000003
462.64799999999997
355.148
422.784
480.02200000000005
450.746
425.774
475.584
452.172
390.956
457.82
411.254
379.892
462.69399999999996
376.744
488.422
366.93
444.996
532.194
569.068
468.8
510.948
693.668
484.62600000000003
395.572
448.328
342.51599999999996
408.13
365.552
453.588
425.486
354.946
554.528
500.77799999999996
453.462
413.476
425.11
360.252
394.71
479.524
413.50600000000003
450.80600000000004
387.91999999999996
433.74799999999993
661.804
365.17199999999997
498.81800000000004
377.238
417.11800000000005
534.12
442.698
496.174
361.45799999999997
459.03999999999996
571.826
364.142
457.578
421.174
514.802
432.27200000000005
493.904
420.544
431.62399999999997
450.468
485.992
421.54799999999994
439.504
409.276
541.296
354.498
516.142
428.34
375.584
389.072
375.32800000000003
508.198
476.12600000000003
415.02
396.68
484.75
482.07399999999996
396.604
457.11
524.64
522.792
447.58000000000004
442.63800000000003
346.602
601.446
640.644
546.856
561.92
461.83599999999996
382.68600000000004
426.918
345.284
420.31800000000004
462.784
375.506
380.56
412.93199999999996
564.8439999999999
385.268
402.994
466.45
307.836
559.262
446.76599999999996
488.564
521.784
365.244
495.438
481.39399999999995
401.582
494.35600000000005
504.85600000000005
435.254
361.756
445.56800000000004
446.15600000000006
396.37399999999997
410.81000000000006
444.03000000000003
483.54799999999994
480.60200000000003
438.05600000000004
345.312
436.07
345.20799999999997
406.106
452.66999999999996
364.49
315.976
362.986
455.14399999999995
387.816
458.434
478.896
429.642
589.294
415.27799999999996
394.508
521.426
395.93600000000004
374.146
399.742
560.5260000000001
477.258
466.28000000000003
442.75200000000007
546.112
449.012
391.518
448.98
391.82
452.534
490.99399999999997
442.54799999999994
566.364
351.284
522.85
382.026
467.338
433.85200000000003
412.08599999999996
413.34799999999996
366.144
441.104
393.556
447.822
434.09
428.162
420.866
367.194
570.164
478.108
436.91
478.87
410.838
501.93999999999994
479.634
318.848
456.83000000000004
439.88599999999997
376.018
412.696
384.118
412.526
447.288
428.12
409.79799999999994
497.504
435.764
480.642
365.262
483.89
538.126
380.688
447.28999999999996
416.14
487.54799999999994
558.0260000000001
444.524
390.82800000000003
435.802
441.302
369.11199999999997
386.132
381.79200000000003
512.4159999999999
413.704
375.768
566.4680000000001
545.118
457.30600000000004
562.264
505.558
388.098
552.8520000000001
376.942
398.98400000000004
372.442
495.366
436.03999999999996
364.098
572.466
347.15
515.108
511.588
444.45200000000006
448.026
510.23199999999997
565.944
491.282
411.11
409.37199999999996
425.23199999999997
446.082
362.428
469.84
486.692
422.486
441.004
567.918
569.6659999999999
505.046
491.89799999999997
353.036
391.868
430.088
425.634
576.198
470.774
513.17
392.48400000000004
473.26000000000005
441.89399999999995
333.056
538.758
480.046
409.8
432.39399999999995
437.592
644.972
426.91
556.944
314.364
482.62399999999997
374.664
531.52
388.386
494.6
687.226
462.98400000000004
454.00200000000007
490.52
418.28999999999996
448.24399999999997
455.93999999999994
441.912
574.056
429.30600000000004
456.408
431.262
411.80600000000004
467.466
455.47200000000004
440.796
500.31800000000004
546.942
572.6560000000001
413.25600000000003
414.782
549.124
406.108
530.888
450.588
390.098
465.23199999999997
454.616
398.156
382.276
444.812
438.25600000000003
542.8979999999999
516.288
484.76800000000003
488.09
554.5699999999999
445.65600000000006
394.196
494.776
579.934
457.86
415.48999999999995
445.53000000000003
432.13800000000003
423.808
503.70799999999997
466.354
362.348
453.74799999999993
594.874
424.48
381.304
536.702
459.754
358.77
384.242
489.15
518.984
490.88599999999997
545.8199999999999
503.854
369.806
508.412
419.366
660.614
513.868
408.462
440.8
660.4060000000001
404.648
407.9
522.512
404.706
415.988
416.13800000000003
414.622
480.95799999999997
519.096
564.5260000000001
384.78000000000003
418.804
431.996
540.21
429.24799999999993
344.408
372.256
529.7239999999999
526.204
396.48
416.968
360.094
463.566
470.322
369.24
401.238
445.86800000000005
483.21999999999997
415.89799999999997
508.63199999999995
478.674
478.688
454.58000000000004
523.238
551.524
432.962
483.25600000000003
468.358
422.044
553.0260000000001
394.37
458.834
531.72
476.812
378.132
538.134
576.264
547.992
477.61400000000003
347.756
434.12399999999997
494.73199999999997
499.104
472.408
510.242
391.954
450.2
431.436
451.48999999999995
485.678
423.98199999999997
659.6560000000001
422.11199999999997
517.11
449.61800000000005
375.222
587.008
590.188
547.542
446.188
472.726
384.96999999999997
451.02799999999996
421.07399999999996
335.23
640.068
376.826
423.14799999999997
364.99
320.602
391.496
523.0260000000001
480.428
460.64399999999995
481.396
383.182
584.556
469.54799999999994
503.466
506.16400000000004
535.404
415.046
388.16999999999996
453.02200000000005
454.61400000000003
484.758
425.366
389.51
454.58599999999996
510.45799999999997
438.82
445.91999999999996
418.27799999999996
508.504
453.304
369.818
385.352
513.888
436.83599999999996
460.66
505.93
451.942
399.95
371.606
487.78599999999994
460.74799999999993
446.71400000000006
497.378
467.332
501.33599999999996
458.142
471.86
505.33599999999996
396.406
522.124
484.29200000000003
470.47799999999995
513.496
424.838
519.444
381.416
328.04
509.992
493.526
472.004
610.366
305.794
403.636
424.066
480.07
448.046
366.07
384.51
665.33
433.578
361.12
308.614
413.17600000000004
490.37600000000003
450.668
346.114
499.918
447.088
510.41999999999996
495.13199999999995
367.342
507.37600000000003
422.53999999999996
440.146
516.076
355.294
402.898
502.10600000000005
431.21000000000004
445.65
375.658
364.488
355.502
545.864
413.03999999999996
383.88800000000003
388.164
383.704
520.698
485.69399999999996
440.40200000000004
402.028
556.018
426.996
418.332
457.52799999999996
419.616
343.79
445.32399999999996
495.09799999999996
420.41
559.29
392.284
383.4
399.482
418.168
458.96400000000006
590.798
417.784
456.37600000000003
412.814
370.764
439.50200000000007
366.746
470.66400000000004
450.814
397.726
434.79200000000003
432.2
430.46400000000006
377.368
453.262
436.332
409.548
426.77799999999996
491.384
420.94399999999996
445.378
525.9159999999999
668.882
497.578
477.224
423.58599999999996
442.33599999999996
444.14399999999995
559.726
540.15
655.308
435.346
414.564
457.82
459.928
393.566
504.828
364.798
424.428
438.736
483.96999999999997
426.37600000000003
413.872
425.942
463.524
377.514
510.77
512.866
426.01599999999996
470.02799999999996
450.86400000000003
465.338
525.79
368.652
409.106
437.43199999999996
373.56
516.938
424.89799999999997
438.77799999999996
429.36400000000003
480.09399999999994
396.06
392.206
399.646
527.664
457.45
487.02799999999996
556.646
525.2760000000001
548.488
367.26599999999996
487.892
505.038
347.582
415.078
380.07
403.472
471.63599999999997
565.208
417.64799999999997
382.552
464.224
432.21999999999997
439.078
408.178
406.786
460.706
482.78999999999996
345.666
404.472
445.302
435.01000000000005
404.938
335.902
441.39
458.802
393.034
360.566
466.08599999999996
474.63199999999995
420.69399999999996
446.942
366.21
557.1859999999999
443.328
593.192
505.18
349.284
346.076
362.956
474.89799999999997
409.596
384.76
360.604
431.104
439.28599999999994
380.038
490.41400000000004
391.096
392.40999999999997
552.792
489.97200000000004
403.37
519.0020000000001
483.922
423.684
403.928
368.306
631.1899999999999
481.51599999999996
393.33000000000004
441.73999999999995
485.692
392.414
384.086
538.358
490.75600000000003
480.38599999999997
411.032
456.46000000000004
426.742
521.0840000000001
578.51
323.924
422.38800000000003
412.08000000000004
454.422
532.184
488.878
458.122
416.61199999999997
463.55600000000004
475.052
480.13
493.00200000000007
482.14799999999997
562.042
403.338
398.98
351.78000000000003
458.24799999999993
465.59
486.09799999999996
408.364
424.342
620.01
417.12600000000003
395.846
502.104
447.54799999999994
469.88
536.766
434.812
306.62399999999997
385.73400000000004
569.5060000000001
476.302
489.56800000000004
485.98199999999997
358.43
487.79200000000003
362.036
413.066
519.458
539.1859999999999
615.454
421.582
474.588
513.652
480.35200000000003
385.448
384.188
517.484
448.82399999999996
521.8520000000001
367.092
489.032
355.27
422.936
377.73
463.57399999999996
362.53200000000004
399.448
508.34399999999994
470.814
332.444
411.526
425.86800000000005
367.492
453.866
463.99399999999997
483.462
540.65
502.89399999999995
517.822
453.456
421.332
456.3
534.138
482.938
529.612
470.34
431.834
466.662
392.692
421.916
440.40600000000006
424.21400000000006
436.22200000000004
487.804
403.70799999999997
388.488
394.288
517.712
445.62399999999997
537.7180000000001
504.04200000000003
421.846
382.21999999999997
427.87600000000003
352.34000000000003
483.54799999999994
398.322
470.91
358.728
496.034
390.322
404.51
400.722
415.78000000000003
413.13199999999995
350.796
528.29
508.99399999999997
499.48999999999995
358.70799999999997
401.174
364.726
578.524
497.84799999999996
526.528
491.312
532.888
514.264
381.04
422.12600000000003
414.33000000000004
389.48
388.71
436.89799999999997
380.132
410.39
463.966
354.8
458.37399999999997
379.678
408.99
497.666
420.948
347.728
428.026
480.95200000000006
457.07
500.284
504.72799999999995
446.246
461.88800000000003
458.462
439.026
394.21
354.12399999999997
477.078
446.61800000000005
436.988
425.116
503.40600000000006
379.036
381.596
445.34
509.59
453.02200000000005
406.466
464.3
372.384
469.87399999999997
406.37
648.486
374.102
458.988
502.40200000000004
424.59
544.966
457.328
412.928
407.118
416.842
580.316
362.37600000000003
607.088
538.716
463.076
625.838
510.872
458.488
329.88
437.742
412.308
542.046
426.104
435.20799999999997
357.24
426.15600000000006
355.96799999999996
419.038
427.32
356.228
606.698
412.71400000000006
397.382
476.084
418.908
439.70799999999997
416.782
425.42600000000004
376.02
485.13599999999997
328.978
491.84
385.506
435.774
447.052
473.65
486.27
406.19
425.72799999999995
389.62399999999997
596.864
484.38599999999997
691.082
517.192
466.262
414.212
424.01000000000005
384.034
426.514
371.856
483.912
480.49399999999997
488.15200000000004
347.712
403.286
443.396
542.4100000000001
509.454
454.552
514.9979999999999
401.524
375.06399999999996
479.192
385.93600000000004
499.98400000000004
512.358
493.83599999999996
398.858
377.918
547.932
496.658
508.07399999999996
424.104
498.754
397.87399999999997
512.5840000000001
473.134
452.85600000000005
461.37399999999997
509.38199999999995
573.466
588.716
385.262
