627.792
486.576
604.848
688.798
753.9359999999999
517.71
721.1899999999999
774.106
733.558
618.226
603.644
574.198
707.8140000000001
700.1220000000001
463.666
807.778
465.53999999999996
497.11199999999997
643.73
443.622
659.896
759.704
644.232
791.238
627.048
822.4639999999999
706.3
510.492
604.5
551.21
633.408
644.3340000000001
600.182
793.63
607.024
529.27
641.142
777.946
921.816
593.6659999999999
609.168
597.3
540.988
649.794
633.3979999999999
690.15
643.914
707.008
549.9939999999999
746.012
926.7
643.796
577.04
567.586
533.098
720.034
775.952
556.3399999999999
694.268
641.146
708.5840000000001
485.76599999999996
709.172
721.472
789.568
483.38599999999997
597.644
627.42
924.586
664.77
778.528
545.8199999999999
604.606
553.0899999999999
661.23
687.514
890.9879999999999
502.7
582.174
878.244
680.6
593.642
491.438
583.5
645.8720000000001
663.668
758.794
620.018
600.3
715.3100000000001
737.1220000000001
572.5600000000001
745.986
684.192
759.806
652.4399999999999
817.966
623.1479999999999
794.14
899.406
591.932
704.254
621.056
589.848
670.496
636.402
620.052
767.636
585.76
561.456
565.9979999999999
769.762
613.316
630.15
534.326
686.98
852.618
843.992
510.178
523.308
455.804
597.004
785.64
630.03
580.01
580.044
728.25
744.0840000000001
533.124
619.64
630.542
732.67
916.4459999999999
816.798
510.966
597.154
516.5939999999999
558.612
746.546
598.682
623.332
550.97
612.85
720.714
832.2360000000001
877.3860000000001
683.732
718.312
557.0319999999999
614.6
993.838
539.158
568.632
551.49
525.258
526.938
867.2479999999999
734.066
927.5260000000001
646.462
736.308
756.182
800.428
773.83
690.138
702.448
580.168
636.54
683.504
581.608
575.26
575.142
595.7439999999999
680.088
847.4440000000001
591.22
493.88
753.61
585.278
510.55
705.412
798.004
542.842
644.8439999999999
612.232
627.38
879.698
764.482
665.886
734.462
524.508
774.302
575.486
925.104
627.694
543.978
683.74
666.876
607.082
639.536
560.176
762.1600000000001
627.77
509.76599999999996
462.026
732.358
613.908
571.67
746.446
619.8399999999999
749.328
735.1020000000001
564.152
655.404
729.6560000000001
669.568
512.536
687.886
746.274
591.238
903.1719999999999
601.534
599.952
482.34799999999996
729.7439999999999
662.1
776.036
671.5899999999999
551.908
535.634
585.732
936.606
756.046
895.7180000000001
648.274
639.448
721.8520000000001
745.942
616.832
566.422
803.558
705.6899999999999
609.842
737.206
491.43999999999994
788.394
546.338
539.28
591.618
613.646
524.336
888.6
506.73400000000004
827.9219999999999
600.5020000000001
621.6800000000001
560.956
674.6800000000001
762.938
539.036
639.414
595.066
675.098
704.642
613.278
671.674
635.512
681.514
542.414
552.342
763.1279999999999
537.458
563.346
602.138
672.6800000000001
843.042
595.066
739.99
708.354
491.25200000000007
555.912
459.462
620.562
883.894
610.62
559.226
593.074
546.488
484.25600000000003
766.978
659.892
509.366
584.618
789.11
632.588
677.208
609.21
649.0260000000001
586.508
656.458
545.28
748.874
614.764
664.13
505.24799999999993
791.48
804.972
535.478
476.454
557.2760000000001
685.134
587.194
841.25
875.576
831.816
695.098
687.4680000000001
794.504
522.088
673.904
809.6279999999999
552.766
618.688
872.202
677.662
547.368
891.842
559.042
648.996
754.528
482.08599999999996
559.8979999999999
526.788
596.0699999999999
579.7479999999999
563.534
710.118
735.108
539.0939999999999
771.87
680.486
803.6279999999999
810.302
561.4100000000001
789.4399999999999
649.894
637.0939999999999
628.894
537.816
634.496
618.214
660.546
624.6
576.792
668.7520000000001
603.362
692.85
537.51
464.54799999999994
649.3340000000001
668.022
634.96
727.806
614.7
598.53
915.8879999999999
660.246
629.7439999999999
728.458
547.3439999999999
509.584
549.512
550.548
546.534
796.9060000000001
636.2520000000001
746.52
631.408
545.354
755.358
988.9459999999999
650.304
675.496
812.432
612.356
779.454
698.274
553.3340000000001
648.596
630.114
805.034
501.45799999999997
812.168
632.1
760.448
559.454
759.9399999999999
972.302
617.818
710.278
562.54
736.316
633.222
554.368
611.456
645.808
610.536
730.76
608.688
644.9680000000001
580.504
877.116
659.9359999999999
685.02
971.3799999999999
765.63
639.52
728.25
497.97200000000004
748.714
643.358
779.136
672.388
594.516
566.172
748.278
729.362
718.568
825.1020000000001
700.3979999999999
631.65
608.654
571.29
726.95
935.4639999999999
568.58
738.642
695.962
846.424
506.746
796.71
956.382
785.536
896.324
565.72
539.71
527.842
636.574
752.42
473.01800000000003
824.4219999999999
693.082
718.294
712.05
622.554
842.4379999999999
710.616
621.386
510.544
632.184
603.842
688.2520000000001
760.016
507.296
664.786
880.85
651.444
536.692
773.294
568.05
622.114
597.516
648.738
672.034
649.922
661.588
627.446
938.266
592.3399999999999
811.896
439.29799999999994
754.462
605.578
737.6020000000001
554.7560000000001
590.096
642.2760000000001
559.172
664.888
669.74
727.106
671.278
553.03
740.012
645.4939999999999
727.51
818.568
803.708
680.854
609.222
617.6020000000001
718.636
632.53
593.278
914.854
558.856
646.286
535.75
525.758
852.4040000000001
859.11
906.742
592.554
601.4979999999999
933.5139999999999
552.882
689.15
598.246
782.948
576.072
598.8199999999999
760.76
938.354
720.214
936.692
621.65
588.9159999999999
687.37
588.862
729.9359999999999
618.076
626.73
694.512
576.114
639.692
666.85
661.35
867.3979999999999
850.784
436.03000000000003
527.376
724.698
628.576
732.728
597.9359999999999
651.15
713.0020000000001
492.304
579.652
626.12
561.354
672.226
547.1859999999999
731.426
525.816
881.6020000000001
618.698
613.246
540.67
603.358
543.02
520.806
582.376
914.836
644.2520000000001
560.222
791.444
614.35
605.35
863.482
729.866
640.722
853.2120000000001
451.654
513.3439999999999
873.1879999999999
509.492
669.808
583.0640000000001
591.47
722.862
787.47
547.62
576.828
593.2239999999999
538.61
639.918
676.35
671.358
603.614
717.312
579.766
548.03
635.01
574.71
885.4739999999999
530.816
592.696
611.646
886.792
785.496
549.946
760.464
728.21
778.234
608.922
785.408
475.634
668.062
732.934
608.454
544.948
755.304
706.828
605.846
789.078
595.446
732.682
671.55
688.614
666.366
549.374
663.4680000000001
622.0060000000001
550.274
788.132
868.314
862.2479999999999
792.238
583.836
811.068
811.412
614.1899999999999
505.206
626.238
674.854
811.846
533.0260000000001
603.0319999999999
748.942
907.2959999999999
608.078
749.316
577.038
496.774
585.842
604.4100000000001
669.626
566.202
709.822
637.9
655.528
693.11
578.134
681.066
814.382
707.472
733.892
841.8340000000001
573.804
497.61800000000005
542.3199999999999
708.26
546.4979999999999
431.28000000000003
556.226
756.634
675.116
778.928
665.0319999999999
584.654
740.892
710.7560000000001
711.912
751.054
560.704
729.742
642.376
691.132
594.04
568.85
578.442
569.982
547.49
551.22
601.162
587.548
622.804
680.866
761.444
800.2239999999999
516.73
583.35
622.638
724.77
615.6800000000001
510.60200000000003
733.846
592.144
799.15
601.826
566.4060000000001
569.792
762.0319999999999
580.536
579.076
647.174
548.73
522.542
842.3219999999999
620.5640000000001
529.674
704.178
670.1560000000001
688.134
501.754
669.848
682.8399999999999
551.828
699.6560000000001
487.84
452.02799999999996
850.6879999999999
545.524
634.134
525.292
656.7
562.568
700.484
827.4680000000001
974.2040000000001
619.018
583.804
660.058
906.932
679.196
529.158
559.052
579.212
575.3340000000001
817.982
466.00600000000003
794.316
512.13
686.2239999999999
604.034
720.036
543.88
699.138
630.11
647.1659999999999
801.1659999999999
733.5840000000001
726.676
769.172
557.27
602.9100000000001
941.9040000000001
605.278
561.574
566.0260000000001
729.054
713.688
911.184
673.4359999999999
699.438
835.5799999999999
559.912
791.482
740.796
718.04
547.0699999999999
570.516
686.5899999999999
547.414
514.332
577.87
575.9939999999999
637.938
815.356
606.0899999999999
767.366
596.848
703.536
526.8720000000001
563.444
608.106
668.556
648.586
617.13
781.0060000000001
574.176
772.26
597.842
827.5
560.444
755.484
876.3299999999999
496.504
548.8520000000001
698.6
555.4939999999999
664.226
590.448
511.962
838.472
556.76
664.184
622.268
630.13
576.9300000000001
654.7479999999999
708.978
598.632
804.05
834.8100000000001
688.278
610.9100000000001
562.058
484.974
675.682
669.504
674.6560000000001
577.242
678.052
859.066
703.572
649.574
707.9399999999999
437.966
638.3520000000001
607.13
808.836
617.546
578.206
704.222
697.978
668.48
746.644
508.178
675.476
573.36
922.26
710.022
764.058
494.69399999999996
534.4939999999999
638.912
676.644
827.5959999999999
492.396
777.708
525.0899999999999
894.952
824.394
760.078
689.798
738.716
786.014
651.8439999999999
580.176
605.762
548.766
666.6560000000001
595.626
774.2
590.634
587.1899999999999
643.198
657.956
553.15
654.292
564.608
540.358
676.3399999999999
732.462
797.482
567.3439999999999
695.162
613.854
599.146
668.978
563.962
566.8199999999999
637.288
683.62
612.978
850.8979999999999
604.676
559.484
557.2439999999999
589.048
722.104
632.47
542.172
697.318
717.652
698.394
775.698
547.338
610.284
716.496
503.94399999999996
529.106
742.204
607.764
686.172
588.1600000000001
734.422
704.258
734.45
657.98
498.77
635.42
679.3100000000001
690.962
694.4100000000001
595.72
584.944
688.858
651.1479999999999
756.586
904.2379999999999
527.222
687.266
732.182
559.914
633.85
573.346
600.036
640.822
484.322
642.842
706.754
636.992
628.684
816.78
763.6020000000001
884.8100000000001
681.802
905.3879999999999
572.412
562.1279999999999
604.3779999999999
792.762
499.122
763.274
619.604
650.588
742.098
650.298
755.938
639.02
877.174
555.65
633.392
495.774
511.462
557.582
683.958
832.662
612.272
578.1020000000001
706.746
557.712
660.908
574.208
549.6020000000001
590.546
697.714
711.988
620.598
748.168
832.28
717.49
598.088
661.704
661.454
669.914
856.5020000000001
540.212
583.08
546.382
621.822
631.48
695.5840000000001
536.784
664.192
599.552
698.616
602.1800000000001
555.88
595.324
590.954
610.324
599.402
512.5
490.338
515.778
612.842
558.142
589.254
547.3979999999999
513.4979999999999
575.798
622.914
657.446
556.3100000000001
610.866
645.74
607.86
579.438
520.67
551.496
656.096
646.192
556.098
604.846
479.06800000000004
575.152
574.518
635.62
656.5840000000001
457.60600000000005
642.4359999999999
637.114
547.052
658.586
529.626
502.61
637.308
553.1
578.444
590.554
541.8199999999999
528.612
568.89
599.0319999999999
647.188
617.202
628.7560000000001
613.142
