#\tau/\tau_{d} vs n_{pack}/N
0.0 0.0
0.2 0.0
0.4 0.0
0.6 0.0
0.8 0.0
1.0 0.0
1.2 0.0
1.4 0.0
1.6 0.0
1.8 0.0
2.0 0.01
2.2 0.01
2.4 0.01
2.6 0.01
2.8 0.02
3.0 0.02
3.2 0.02
3.4 0.02
3.6 0.02
3.8 0.02
4.0 0.02
4.2 0.02
4.4 0.03
4.6 0.03
4.8 0.03
5.0 0.03
5.2 0.03
5.4 0.03
5.6 0.03
5.8 0.03
6.0 0.03
6.2 0.04
6.4 0.04
6.6 0.04
6.8 0.04
7.0 0.05
7.2 0.05
7.4 0.05
7.6 0.05
7.8 0.05
8.0 0.05
8.2 0.05
8.4 0.05
8.6 0.05
8.8 0.05
9.0 0.05
9.2 0.05
9.4 0.05
9.6 0.06
9.8 0.06
10.0 0.06
10.2 0.06
10.4 0.06
10.6 0.06
10.8 0.06
11.0 0.06
11.2 0.06
11.4 0.06
11.6 0.06
11.8 0.06
12.0 0.06
12.2 0.06
12.4 0.06
12.6 0.07
12.8 0.07
13.0 0.07
13.2 0.07
13.4 0.07
13.6 0.07
13.8 0.07
14.0 0.07
14.2 0.07
14.4 0.07
14.6 0.07
14.8 0.07
15.0 0.07
15.2 0.07
15.4 0.07
15.6 0.07
15.8 0.07
16.0 0.07
16.2 0.07
16.4 0.07
16.6 0.07
16.8 0.07
17.0 0.07
17.2 0.07
17.4 0.07
17.6 0.08
17.8 0.08
18.0 0.08
18.2 0.08
18.4 0.08
18.6 0.08
18.8 0.08
19.0 0.08
19.2 0.08
19.4 0.08
19.6 0.08
19.8 0.08
20.0 0.08
20.2 0.08
20.4 0.08
20.6 0.08
20.8 0.09
21.0 0.09
21.2 0.09
21.4 0.09
21.6 0.09
21.8 0.09
22.0 0.09
22.2 0.09
22.4 0.09
22.6 0.09
22.8 0.09
23.0 0.09
23.2 0.09
23.4 0.09
23.6 0.09
23.8 0.09
24.0 0.09
24.2 0.09
24.4 0.09
24.6 0.09
24.8 0.09
25.0 0.09
25.2 0.09
25.4 0.09
25.6 0.09
25.8 0.09
26.0 0.09
26.2 0.09
26.4 0.09
26.6 0.09
26.8 0.09
27.0 0.09
27.2 0.1
27.4 0.1
27.6 0.1
27.8 0.1
28.0 0.1
28.2 0.1
28.4 0.1
28.6 0.1
28.8 0.1
29.0 0.1
29.2 0.11
29.4 0.11
29.6 0.11
29.8 0.11
30.0 0.11
30.2 0.11
30.4 0.11
30.6 0.11
30.8 0.11
31.0 0.12
31.2 0.12
31.4 0.12
31.6 0.12
31.8 0.12
32.0 0.12
32.2 0.12
32.4 0.12
32.6 0.12
32.8 0.12
33.0 0.12
33.2 0.12
33.4 0.12
33.6 0.12
33.8 0.12
34.0 0.12
34.2 0.12
34.4 0.12
34.6 0.12
34.8 0.12
35.0 0.13
35.2 0.13
35.4 0.13
35.6 0.13
35.8 0.13
36.0 0.13
36.2 0.13
36.4 0.13
36.6 0.13
36.8 0.13
37.0 0.13
37.2 0.13
37.4 0.13
37.6 0.13
37.8 0.13
38.0 0.13
38.2 0.13
38.4 0.13
38.6 0.13
38.8 0.13
39.0 0.14
39.2 0.14
39.4 0.14
39.6 0.14
39.8 0.14
40.0 0.14
40.2 0.14
40.4 0.14
40.6 0.14
40.8 0.14
41.0 0.14
41.2 0.14
41.4 0.14
41.6 0.14
41.8 0.14
42.0 0.14
42.2 0.14
42.4 0.14
42.6 0.14
42.8 0.14
43.0 0.14
43.2 0.14
43.4 0.14
43.6 0.14
43.8 0.14
44.0 0.14
44.2 0.14
44.4 0.14
44.6 0.14
44.8 0.14
45.0 0.14
45.2 0.14
45.4 0.14
45.6 0.14
45.8 0.14
46.0 0.14
46.2 0.14
46.4 0.14
46.6 0.14
46.8 0.14
47.0 0.14
47.2 0.14
47.4 0.15
47.6 0.15
47.8 0.15
48.0 0.16
48.2 0.16
48.4 0.16
48.6 0.16
48.8 0.16
49.0 0.16
49.2 0.16
49.4 0.16
49.6 0.16
49.8 0.16
50.0 0.16
50.2 0.16
50.4 0.16
50.6 0.16
50.8 0.16
51.0 0.16
51.2 0.16
51.4 0.16
51.6 0.16
51.8 0.16
52.0 0.16
52.2 0.16
52.4 0.16
52.6 0.16
52.8 0.16
53.0 0.16
53.2 0.16
53.4 0.16
53.6 0.16
53.8 0.16
54.0 0.16
54.2 0.16
54.4 0.16
54.6 0.16
54.8 0.16
55.0 0.16
55.2 0.17
55.4 0.17
55.6 0.17
55.8 0.17
56.0 0.17
56.2 0.17
56.4 0.17
56.6 0.17
56.8 0.17
57.0 0.17
57.2 0.17
57.4 0.17
57.6 0.17
57.8 0.18
58.0 0.18
58.2 0.18
58.4 0.18
58.6 0.18
58.8 0.18
59.0 0.18
59.2 0.18
59.4 0.18
59.6 0.18
59.8 0.18
60.0 0.18
60.2 0.18
60.4 0.18
60.6 0.18
60.8 0.18
61.0 0.18
61.2 0.18
61.4 0.18
61.6 0.18
61.8 0.18
62.0 0.18
62.2 0.18
62.4 0.18
62.6 0.18
62.8 0.18
63.0 0.18
63.2 0.18
63.4 0.18
63.6 0.18
63.8 0.18
64.0 0.18
64.2 0.18
64.4 0.18
64.6 0.18
64.8 0.18
65.0 0.18
65.2 0.18
65.4 0.18
65.6 0.18
65.8 0.19
66.0 0.19
66.2 0.19
66.4 0.19
66.6 0.19
66.8 0.19
67.0 0.19
67.2 0.19
67.4 0.19
67.6 0.19
67.8 0.19
68.0 0.19
68.2 0.19
68.4 0.2
68.6 0.2
68.8 0.2
69.0 0.2
69.2 0.2
69.4 0.2
69.6 0.2
69.8 0.2
70.0 0.2
70.2 0.2
70.4 0.2
70.6 0.2
70.8 0.2
71.0 0.2
71.2 0.2
71.4 0.2
71.6 0.2
71.8 0.2
72.0 0.2
72.2 0.2
72.4 0.2
72.6 0.2
72.8 0.2
73.0 0.2
73.2 0.2
73.4 0.2
73.6 0.2
73.8 0.2
74.0 0.2
74.2 0.2
74.4 0.2
74.6 0.2
74.8 0.2
75.0 0.2
75.2 0.2
75.4 0.2
75.6 0.2
75.8 0.2
76.0 0.2
76.2 0.2
76.4 0.2
76.6 0.2
76.8 0.2
77.0 0.2
77.2 0.2
77.4 0.2
77.6 0.2
77.8 0.2
78.0 0.2
78.2 0.2
78.4 0.2
78.6 0.2
78.8 0.2
79.0 0.2
79.2 0.2
79.4 0.2
79.6 0.21
79.8 0.21
80.0 0.21
80.2 0.21
80.4 0.21
80.6 0.21
80.8 0.21
81.0 0.21
81.2 0.21
81.4 0.21
81.6 0.21
81.8 0.21
82.0 0.21
82.2 0.21
82.4 0.21
82.6 0.21
82.8 0.21
83.0 0.21
83.2 0.21
83.4 0.21
83.6 0.21
83.8 0.21
84.0 0.21
84.2 0.21
84.4 0.21
84.6 0.21
84.8 0.21
85.0 0.21
85.2 0.21
85.4 0.21
85.6 0.21
85.8 0.21
86.0 0.21
86.2 0.21
86.4 0.21
86.6 0.21
86.8 0.21
87.0 0.21
87.2 0.21
87.4 0.21
87.6 0.21
87.8 0.21
88.0 0.21
88.2 0.21
88.4 0.21
88.6 0.21
88.8 0.21
89.0 0.21
89.2 0.21
89.4 0.21
89.6 0.21
89.8 0.21
90.0 0.21
90.2 0.21
90.4 0.21
90.6 0.21
90.8 0.21
91.0 0.21
91.2 0.21
91.4 0.21
91.6 0.21
91.8 0.21
92.0 0.21
92.2 0.21
92.4 0.21
92.6 0.22
92.8 0.22
93.0 0.22
93.2 0.22
93.4 0.22
93.6 0.22
93.8 0.22
94.0 0.22
94.2 0.23
94.4 0.23
94.6 0.23
94.8 0.23
95.0 0.23
95.2 0.23
95.4 0.23
95.6 0.23
95.8 0.24
96.0 0.24
96.2 0.24
96.4 0.24
96.6 0.24
96.8 0.24
97.0 0.24
97.2 0.24
97.4 0.24
97.6 0.24
97.8 0.24
98.0 0.24
98.2 0.24
98.4 0.24
98.6 0.24
98.8 0.24
99.0 0.24
99.2 0.24
99.4 0.24
99.6 0.24
99.8 0.24
100.0 0.24
100.2 0.24
100.4 0.24
100.6 0.24
100.8 0.24
101.0 0.24
101.2 0.24
101.4 0.24
101.6 0.24
101.8 0.24
102.0 0.24
102.2 0.24
102.4 0.24
102.6 0.24
102.8 0.24
103.0 0.24
103.2 0.24
103.4 0.24
103.6 0.24
103.8 0.24
104.0 0.24
104.2 0.24
104.4 0.24
104.6 0.24
104.8 0.24
105.0 0.24
105.2 0.24
105.4 0.24
105.6 0.24
105.8 0.24
106.0 0.24
106.2 0.24
106.4 0.24
106.6 0.24
106.8 0.24
107.0 0.24
107.2 0.24
107.4 0.24
107.6 0.24
107.8 0.24
108.0 0.24
108.2 0.24
108.4 0.24
108.6 0.24
108.8 0.24
109.0 0.24
109.2 0.24
109.4 0.24
109.6 0.24
109.8 0.24
110.0 0.24
110.2 0.24
110.4 0.24
110.6 0.24
110.8 0.24
111.0 0.24
111.2 0.24
111.4 0.24
111.6 0.24
111.8 0.24
112.0 0.24
112.2 0.24
112.4 0.24
112.6 0.24
112.8 0.24
113.0 0.24
113.2 0.24
113.4 0.24
113.6 0.24
113.8 0.24
114.0 0.24
114.2 0.24
114.4 0.24
114.6 0.24
114.8 0.24
115.0 0.24
115.2 0.24
115.4 0.25
115.6 0.25
115.8 0.25
116.0 0.25
116.2 0.25
116.4 0.25
116.6 0.25
116.8 0.25
117.0 0.25
117.2 0.25
117.4 0.25
117.6 0.25
117.8 0.25
118.0 0.25
118.2 0.25
118.4 0.25
118.6 0.25
118.8 0.25
119.0 0.25
119.2 0.25
119.4 0.25
119.6 0.25
119.8 0.25
120.0 0.25
120.2 0.25
120.4 0.25
120.6 0.25
120.8 0.25
121.0 0.25
121.2 0.25
121.4 0.25
121.6 0.25
121.8 0.25
122.0 0.25
122.2 0.25
122.4 0.25
122.6 0.25
122.8 0.25
123.0 0.25
123.2 0.25
123.4 0.25
123.6 0.25
123.8 0.25
124.0 0.25
124.2 0.25
124.4 0.25
124.6 0.25
124.8 0.25
125.0 0.25
125.2 0.25
125.4 0.25
125.6 0.25
125.8 0.25
126.0 0.25
126.2 0.25
126.4 0.25
126.6 0.25
126.8 0.25
127.0 0.25
127.2 0.25
127.4 0.25
127.6 0.25
127.8 0.25
128.0 0.25
128.2 0.25
128.4 0.25
128.6 0.25
128.8 0.25
129.0 0.25
129.2 0.25
129.4 0.25
129.6 0.25
129.8 0.25
130.0 0.25
130.2 0.25
130.4 0.25
130.6 0.25
130.8 0.25
131.0 0.25
131.2 0.25
131.4 0.25
131.6 0.25
131.8 0.25
132.0 0.25
132.2 0.25
132.4 0.25
132.6 0.25
132.8 0.25
133.0 0.25
133.2 0.25
133.4 0.25
133.6 0.25
133.8 0.25
134.0 0.25
134.2 0.25
134.4 0.25
134.6 0.25
134.8 0.25
135.0 0.26
135.2 0.26
135.4 0.26
135.6 0.26
135.8 0.26
136.0 0.26
136.2 0.26
136.4 0.26
136.6 0.26
136.8 0.26
137.0 0.26
137.2 0.26
137.4 0.26
137.6 0.26
137.8 0.26
138.0 0.26
138.2 0.26
138.4 0.26
138.6 0.26
138.8 0.26
139.0 0.26
139.2 0.26
139.4 0.26
139.6 0.26
139.8 0.26
140.0 0.26
140.2 0.26
140.4 0.26
140.6 0.26
140.8 0.26
141.0 0.26
141.2 0.26
141.4 0.26
141.6 0.26
141.8 0.26
142.0 0.26
142.2 0.26
142.4 0.26
142.6 0.27
142.8 0.27
143.0 0.27
143.2 0.27
143.4 0.27
143.6 0.27
143.8 0.27
144.0 0.27
144.2 0.27
144.4 0.27
144.6 0.27
144.8 0.27
145.0 0.27
145.2 0.27
145.4 0.27
145.6 0.27
145.8 0.27
146.0 0.27
146.2 0.27
146.4 0.27
146.6 0.27
146.8 0.27
147.0 0.28
147.2 0.28
147.4 0.28
147.6 0.28
147.8 0.28
148.0 0.28
148.2 0.28
148.4 0.28
148.6 0.28
148.8 0.28
149.0 0.28
149.2 0.28
149.4 0.28
149.6 0.28
149.8 0.28
150.0 0.29
150.2 0.29
150.4 0.29
150.6 0.29
150.8 0.29
151.0 0.29
151.2 0.29
151.4 0.29
151.6 0.29
151.8 0.29
152.0 0.29
152.2 0.29
152.4 0.29
152.6 0.29
152.8 0.29
153.0 0.29
153.2 0.29
153.4 0.29
153.6 0.29
153.8 0.29
154.0 0.29
154.2 0.29
154.4 0.29
154.6 0.29
154.8 0.29
155.0 0.29
155.2 0.29
155.4 0.29
155.6 0.29
155.8 0.29
156.0 0.29
156.2 0.29
156.4 0.3
156.6 0.3
156.8 0.3
157.0 0.3
157.2 0.3
157.4 0.3
157.6 0.3
157.8 0.3
158.0 0.3
158.2 0.3
158.4 0.3
158.6 0.3
158.8 0.3
159.0 0.3
159.2 0.3
159.4 0.3
159.6 0.3
159.8 0.3
160.0 0.3
160.2 0.31
160.4 0.31
160.6 0.31
160.8 0.31
161.0 0.31
161.2 0.31
161.4 0.31
161.6 0.32
161.8 0.32
162.0 0.32
162.2 0.32
162.4 0.32
162.6 0.32
162.8 0.32
163.0 0.32
163.2 0.32
163.4 0.32
163.6 0.32
163.8 0.32
164.0 0.32
164.2 0.32
164.4 0.32
164.6 0.32
164.8 0.32
165.0 0.32
165.2 0.32
165.4 0.32
165.6 0.32
165.8 0.32
166.0 0.32
166.2 0.33
166.4 0.33
166.6 0.33
166.8 0.33
167.0 0.33
167.2 0.33
167.4 0.33
167.6 0.33
167.8 0.33
168.0 0.33
168.2 0.33
168.4 0.33
168.6 0.33
168.8 0.33
169.0 0.33
169.2 0.33
169.4 0.33
169.6 0.34
169.8 0.34
170.0 0.34
170.2 0.34
170.4 0.34
170.6 0.34
170.8 0.34
171.0 0.34
171.2 0.34
171.4 0.35
171.6 0.35
171.8 0.35
172.0 0.35
172.2 0.35
172.4 0.35
172.6 0.35
172.8 0.35
173.0 0.35
173.2 0.35
173.4 0.35
173.6 0.35
173.8 0.36
174.0 0.36
174.2 0.36
174.4 0.36
174.6 0.36
174.8 0.36
175.0 0.36
175.2 0.36
175.4 0.36
175.6 0.36
175.8 0.37
176.0 0.37
176.2 0.37
176.4 0.37
176.6 0.37
176.8 0.37
177.0 0.37
177.2 0.37
177.4 0.37
177.6 0.37
177.8 0.37
178.0 0.37
178.2 0.37
178.4 0.37
178.6 0.37
178.8 0.37
179.0 0.37
179.2 0.37
179.4 0.37
179.6 0.37
179.8 0.37
180.0 0.37
180.2 0.37
180.4 0.37
180.6 0.37
180.8 0.38
181.0 0.38
181.2 0.38
181.4 0.38
181.6 0.38
181.8 0.38
182.0 0.38
182.2 0.38
182.4 0.38
182.6 0.38
182.8 0.38
183.0 0.38
183.2 0.38
183.4 0.38
183.6 0.38
183.8 0.38
184.0 0.38
184.2 0.38
184.4 0.38
184.6 0.38
184.8 0.38
185.0 0.38
185.2 0.38
185.4 0.38
185.6 0.38
185.8 0.38
186.0 0.38
186.2 0.38
186.4 0.38
186.6 0.38
186.8 0.38
187.0 0.38
187.2 0.38
187.4 0.38
187.6 0.38
187.8 0.38
188.0 0.38
188.2 0.38
188.4 0.38
188.6 0.38
188.8 0.38
189.0 0.38
189.2 0.38
189.4 0.38
189.6 0.38
189.8 0.38
190.0 0.38
190.2 0.38
190.4 0.38
190.6 0.38
190.8 0.38
191.0 0.39
191.2 0.39
191.4 0.39
191.6 0.39
191.8 0.39
192.0 0.39
192.2 0.39
192.4 0.39
192.6 0.39
192.8 0.39
193.0 0.39
193.2 0.39
193.4 0.39
193.6 0.39
193.8 0.39
194.0 0.39
194.2 0.39
194.4 0.39
194.6 0.4
194.8 0.4
195.0 0.4
195.2 0.4
195.4 0.4
195.6 0.4
195.8 0.4
196.0 0.4
196.2 0.4
196.4 0.4
196.6 0.4
196.8 0.4
197.0 0.4
197.2 0.4
197.4 0.4
197.6 0.4
197.8 0.4
198.0 0.4
198.2 0.4
198.4 0.4
198.6 0.4
198.8 0.4
199.0 0.4
199.2 0.4
199.4 0.4
199.6 0.4
199.8 0.4
200.0 0.4
200.2 0.4
200.4 0.4
200.6 0.4
200.8 0.4
201.0 0.4
201.2 0.4
201.4 0.4
201.6 0.4
201.8 0.4
202.0 0.4
202.2 0.4
202.4 0.4
202.6 0.4
202.8 0.4
203.0 0.4
203.2 0.4
203.4 0.4
203.6 0.4
203.8 0.4
204.0 0.4
204.2 0.4
204.4 0.4
204.6 0.4
204.8 0.4
205.0 0.4
205.2 0.4
205.4 0.4
205.6 0.4
205.8 0.4
206.0 0.4
206.2 0.4
206.4 0.4
206.6 0.4
206.8 0.4
207.0 0.4
207.2 0.4
207.4 0.4
207.6 0.4
207.8 0.4
208.0 0.4
208.2 0.4
208.4 0.4
208.6 0.4
208.8 0.4
209.0 0.4
209.2 0.4
209.4 0.4
209.6 0.4
209.8 0.4
210.0 0.4
210.2 0.4
210.4 0.4
210.6 0.4
210.8 0.4
211.0 0.4
211.2 0.4
211.4 0.4
211.6 0.4
211.8 0.4
212.0 0.41
212.2 0.41
212.4 0.41
212.6 0.41
212.8 0.41
213.0 0.41
213.2 0.41
213.4 0.41
213.6 0.41
213.8 0.41
214.0 0.41
214.2 0.41
214.4 0.41
214.6 0.41
214.8 0.41
215.0 0.41
215.2 0.41
215.4 0.41
215.6 0.41
215.8 0.41
216.0 0.41
216.2 0.41
216.4 0.41
216.6 0.41
216.8 0.41
217.0 0.41
217.2 0.41
217.4 0.41
217.6 0.41
217.8 0.41
218.0 0.41
218.2 0.41
218.4 0.41
218.6 0.41
218.8 0.41
219.0 0.41
219.2 0.41
219.4 0.41
219.6 0.41
219.8 0.41
220.0 0.41
220.2 0.41
220.4 0.41
220.6 0.41
220.8 0.41
221.0 0.41
221.2 0.42
221.4 0.42
221.6 0.42
221.8 0.42
222.0 0.42
222.2 0.42
222.4 0.42
222.6 0.42
222.8 0.42
223.0 0.42
223.2 0.42
223.4 0.42
223.6 0.42
223.8 0.42
224.0 0.42
224.2 0.43
224.4 0.43
224.6 0.43
224.8 0.43
225.0 0.43
225.2 0.43
225.4 0.43
225.6 0.43
225.8 0.43
226.0 0.43
226.2 0.43
226.4 0.43
226.6 0.43
226.8 0.43
227.0 0.43
227.2 0.43
227.4 0.43
227.6 0.43
227.8 0.43
228.0 0.43
228.2 0.43
228.4 0.43
228.6 0.43
228.8 0.43
229.0 0.43
229.2 0.43
229.4 0.43
229.6 0.43
229.8 0.43
230.0 0.43
230.2 0.43
230.4 0.43
230.6 0.43
230.8 0.43
231.0 0.43
231.2 0.43
231.4 0.43
231.6 0.43
231.8 0.43
232.0 0.43
232.2 0.43
232.4 0.43
232.6 0.43
232.8 0.43
233.0 0.43
233.2 0.43
233.4 0.43
233.6 0.43
233.8 0.43
234.0 0.43
234.2 0.43
234.4 0.43
234.6 0.43
234.8 0.43
235.0 0.43
235.2 0.43
235.4 0.43
235.6 0.43
235.8 0.43
236.0 0.43
236.2 0.43
236.4 0.43
236.6 0.43
236.8 0.43
237.0 0.43
237.2 0.43
237.4 0.43
237.6 0.43
237.8 0.43
238.0 0.43
238.2 0.43
238.4 0.44
238.6 0.44
238.8 0.44
239.0 0.44
239.2 0.44
239.4 0.44
239.6 0.44
239.8 0.44
240.0 0.44
240.2 0.44
240.4 0.44
240.6 0.44
240.8 0.44
241.0 0.44
241.2 0.44
241.4 0.44
241.6 0.44
241.8 0.44
242.0 0.44
242.2 0.44
242.4 0.44
242.6 0.44
242.8 0.44
243.0 0.44
243.2 0.44
243.4 0.44
243.6 0.44
243.8 0.44
244.0 0.44
244.2 0.44
244.4 0.44
244.6 0.44
244.8 0.44
245.0 0.44
245.2 0.44
245.4 0.44
245.6 0.44
245.8 0.44
246.0 0.44
246.2 0.44
246.4 0.44
246.6 0.44
246.8 0.44
247.0 0.44
247.2 0.44
247.4 0.44
247.6 0.44
247.8 0.44
248.0 0.44
248.2 0.44
248.4 0.44
248.6 0.44
248.8 0.44
249.0 0.44
249.2 0.44
249.4 0.44
249.6 0.44
249.8 0.44
250.0 0.44
250.2 0.44
250.4 0.44
250.6 0.44
250.8 0.44
251.0 0.44
251.2 0.44
251.4 0.44
251.6 0.44
251.8 0.44
252.0 0.44
252.2 0.44
252.4 0.44
252.6 0.45
252.8 0.45
253.0 0.45
253.2 0.45
253.4 0.45
253.6 0.45
253.8 0.45
254.0 0.45
254.2 0.45
254.4 0.45
254.6 0.45
254.8 0.45
255.0 0.45
255.2 0.45
255.4 0.45
255.6 0.45
255.8 0.45
256.0 0.45
256.2 0.45
256.4 0.45
256.6 0.45
256.8 0.45
257.0 0.45
257.2 0.45
257.4 0.45
257.6 0.45
257.8 0.45
258.0 0.45
258.2 0.45
258.4 0.45
258.6 0.45
258.8 0.45
259.0 0.45
259.2 0.45
259.4 0.45
259.6 0.45
259.8 0.45
260.0 0.45
260.2 0.45
260.4 0.45
260.6 0.45
260.8 0.45
261.0 0.45
261.2 0.45
261.4 0.45
261.6 0.45
261.8 0.45
262.0 0.45
262.2 0.45
262.4 0.45
262.6 0.45
262.8 0.45
263.0 0.45
263.2 0.45
263.4 0.45
263.6 0.45
263.8 0.45
264.0 0.45
264.2 0.45
264.4 0.45
264.6 0.45
264.8 0.45
265.0 0.45
265.2 0.45
265.4 0.45
265.6 0.45
265.8 0.45
266.0 0.45
266.2 0.45
266.4 0.45
266.6 0.45
266.8 0.45
267.0 0.45
267.2 0.45
267.4 0.45
267.6 0.45
267.8 0.45
268.0 0.45
268.2 0.45
268.4 0.45
268.6 0.45
268.8 0.45
269.0 0.45
269.2 0.45
269.4 0.45
269.6 0.45
269.8 0.45
270.0 0.45
270.2 0.45
270.4 0.45
270.6 0.45
270.8 0.45
271.0 0.45
271.2 0.45
271.4 0.45
271.6 0.45
271.8 0.45
272.0 0.45
272.2 0.45
272.4 0.45
272.6 0.45
272.8 0.45
273.0 0.45
273.2 0.45
273.4 0.45
273.6 0.45
273.8 0.45
274.0 0.45
274.2 0.45
274.4 0.45
274.6 0.45
274.8 0.45
275.0 0.45
275.2 0.45
275.4 0.45
275.6 0.45
275.8 0.45
276.0 0.45
276.2 0.45
276.4 0.45
276.6 0.45
276.8 0.45
277.0 0.45
277.2 0.45
277.4 0.45
277.6 0.45
277.8 0.45
278.0 0.45
278.2 0.45
278.4 0.45
278.6 0.46
278.8 0.46
279.0 0.46
279.2 0.46
279.4 0.46
279.6 0.46
279.8 0.46
280.0 0.46
280.2 0.46
280.4 0.46
280.6 0.46
280.8 0.46
281.0 0.46
281.2 0.46
281.4 0.46
281.6 0.46
281.8 0.46
282.0 0.46
282.2 0.46
282.4 0.46
282.6 0.46
282.8 0.46
283.0 0.46
283.2 0.46
283.4 0.46
283.6 0.46
283.8 0.46
284.0 0.46
284.2 0.46
284.4 0.46
284.6 0.46
284.8 0.46
285.0 0.46
285.2 0.46
285.4 0.46
285.6 0.46
285.8 0.46
286.0 0.47
286.2 0.47
286.4 0.47
286.6 0.47
286.8 0.47
287.0 0.47
287.2 0.47
287.4 0.47
287.6 0.47
287.8 0.47
288.0 0.47
288.2 0.47
288.4 0.47
288.6 0.47
288.8 0.47
289.0 0.47
289.2 0.47
289.4 0.47
289.6 0.47
289.8 0.47
290.0 0.47
290.2 0.47
290.4 0.47
290.6 0.47
290.8 0.47
291.0 0.47
291.2 0.47
291.4 0.47
291.6 0.47
291.8 0.47
292.0 0.47
292.2 0.47
292.4 0.47
292.6 0.47
292.8 0.47
293.0 0.47
293.2 0.47
293.4 0.47
293.6 0.47
293.8 0.47
294.0 0.47
294.2 0.47
294.4 0.47
294.6 0.47
294.8 0.47
295.0 0.47
295.2 0.47
295.4 0.47
295.6 0.47
295.8 0.47
296.0 0.47
296.2 0.47
296.4 0.47
296.6 0.47
296.8 0.47
297.0 0.47
297.2 0.47
297.4 0.47
297.6 0.47
297.8 0.47
298.0 0.47
298.2 0.47
298.4 0.47
298.6 0.47
298.8 0.47
299.0 0.47
299.2 0.47
299.4 0.47
299.6 0.47
299.8 0.47
300.0 0.47
300.2 0.47
300.4 0.47
300.6 0.47
300.8 0.47
301.0 0.47
301.2 0.47
301.4 0.47
301.6 0.47
301.8 0.47
302.0 0.47
302.2 0.47
302.4 0.47
302.6 0.47
302.8 0.47
303.0 0.47
303.2 0.47
303.4 0.47
303.6 0.47
303.8 0.47
304.0 0.47
304.2 0.47
304.4 0.47
304.6 0.47
304.8 0.47
305.0 0.47
305.2 0.47
305.4 0.47
305.6 0.47
305.8 0.47
306.0 0.47
306.2 0.47
306.4 0.47
306.6 0.47
306.8 0.47
307.0 0.47
307.2 0.47
307.4 0.47
307.6 0.47
307.8 0.47
308.0 0.47
308.2 0.47
308.4 0.47
308.6 0.47
308.8 0.47
309.0 0.47
309.2 0.47
309.4 0.47
309.6 0.47
309.8 0.47
310.0 0.47
310.2 0.47
310.4 0.47
310.6 0.47
310.8 0.47
311.0 0.47
311.2 0.47
311.4 0.47
311.6 0.47
311.8 0.47
312.0 0.47
312.2 0.47
312.4 0.47
312.6 0.47
312.8 0.47
313.0 0.47
313.2 0.47
313.4 0.47
313.6 0.47
313.8 0.47
314.0 0.47
314.2 0.47
314.4 0.47
314.6 0.47
314.8 0.47
315.0 0.47
315.2 0.47
315.4 0.47
315.6 0.47
315.8 0.47
316.0 0.47
316.2 0.47
316.4 0.47
316.6 0.47
316.8 0.47
317.0 0.47
317.2 0.47
317.4 0.47
317.6 0.47
317.8 0.47
318.0 0.47
318.2 0.47
318.4 0.47
318.6 0.47
318.8 0.47
319.0 0.47
319.2 0.47
319.4 0.47
319.6 0.47
319.8 0.47
320.0 0.47
320.2 0.47
320.4 0.47
320.6 0.47
320.8 0.47
321.0 0.47
321.2 0.47
321.4 0.47
321.6 0.47
321.8 0.47
322.0 0.47
322.2 0.47
322.4 0.47
322.6 0.47
322.8 0.47
323.0 0.47
323.2 0.47
323.4 0.47
323.6 0.47
323.8 0.47
324.0 0.47
324.2 0.47
324.4 0.47
324.6 0.47
324.8 0.47
325.0 0.47
325.2 0.47
325.4 0.47
325.6 0.48
325.8 0.48
326.0 0.48
326.2 0.48
326.4 0.48
326.6 0.48
326.8 0.48
327.0 0.48
327.2 0.48
327.4 0.48
327.6 0.48
327.8 0.48
328.0 0.48
328.2 0.48
328.4 0.48
328.6 0.48
328.8 0.48
329.0 0.48
329.2 0.48
329.4 0.48
329.6 0.48
329.8 0.48
330.0 0.48
330.2 0.49
330.4 0.49
330.6 0.49
330.8 0.49
331.0 0.49
331.2 0.49
331.4 0.49
331.6 0.49
331.8 0.49
332.0 0.49
332.2 0.49
332.4 0.49
332.6 0.49
332.8 0.49
333.0 0.49
333.2 0.49
333.4 0.49
333.6 0.49
333.8 0.49
334.0 0.49
334.2 0.49
334.4 0.49
334.6 0.49
334.8 0.49
335.0 0.49
335.2 0.49
335.4 0.49
335.6 0.49
335.8 0.49
336.0 0.49
336.2 0.49
336.4 0.49
336.6 0.49
336.8 0.49
337.0 0.49
337.2 0.49
337.4 0.49
337.6 0.49
337.8 0.49
338.0 0.49
338.2 0.49
338.4 0.49
338.6 0.49
338.8 0.49
339.0 0.49
339.2 0.49
339.4 0.49
339.6 0.49
339.8 0.49
340.0 0.49
340.2 0.49
340.4 0.49
340.6 0.49
340.8 0.49
341.0 0.49
341.2 0.49
341.4 0.49
341.6 0.49
341.8 0.49
342.0 0.49
342.2 0.49
342.4 0.49
342.6 0.49
342.8 0.49
343.0 0.49
343.2 0.49
343.4 0.49
343.6 0.49
343.8 0.49
344.0 0.5
344.2 0.5
344.4 0.5
344.6 0.5
344.8 0.5
345.0 0.5
345.2 0.5
345.4 0.5
345.6 0.5
345.8 0.5
346.0 0.5
346.2 0.5
346.4 0.5
346.6 0.5
346.8 0.5
347.0 0.5
347.2 0.5
347.4 0.51
347.6 0.51
347.8 0.51
348.0 0.51
348.2 0.51
348.4 0.51
348.6 0.51
348.8 0.51
349.0 0.51
349.2 0.51
349.4 0.51
349.6 0.51
349.8 0.51
350.0 0.51
350.2 0.51
350.4 0.51
350.6 0.51
350.8 0.51
351.0 0.51
351.2 0.51
351.4 0.51
351.6 0.51
351.8 0.51
352.0 0.51
352.2 0.51
352.4 0.51
352.6 0.51
352.8 0.51
353.0 0.52
353.2 0.52
353.4 0.52
353.6 0.52
353.8 0.52
354.0 0.52
354.2 0.52
354.4 0.52
354.6 0.52
354.8 0.52
355.0 0.52
355.2 0.52
355.4 0.52
355.6 0.52
355.8 0.52
356.0 0.52
356.2 0.52
356.4 0.52
356.6 0.52
356.8 0.52
357.0 0.52
357.2 0.52
357.4 0.52
357.6 0.52
357.8 0.52
358.0 0.52
358.2 0.52
358.4 0.52
358.6 0.52
358.8 0.52
359.0 0.52
359.2 0.52
359.4 0.52
359.6 0.52
359.8 0.52
360.0 0.52
360.2 0.52
360.4 0.52
360.6 0.52
360.8 0.52
361.0 0.52
361.2 0.52
361.4 0.52
361.6 0.52
361.8 0.52
362.0 0.52
362.2 0.52
362.4 0.52
362.6 0.52
362.8 0.52
363.0 0.52
363.2 0.52
363.4 0.52
363.6 0.52
363.8 0.52
364.0 0.52
364.2 0.52
364.4 0.52
364.6 0.52
364.8 0.52
365.0 0.52
365.2 0.52
365.4 0.52
365.6 0.52
365.8 0.52
366.0 0.52
366.2 0.52
366.4 0.52
366.6 0.52
366.8 0.52
367.0 0.52
367.2 0.52
367.4 0.52
367.6 0.52
367.8 0.52
368.0 0.52
368.2 0.52
368.4 0.52
368.6 0.52
368.8 0.52
369.0 0.52
369.2 0.52
369.4 0.52
369.6 0.52
369.8 0.52
370.0 0.52
370.2 0.52
370.4 0.52
370.6 0.52
370.8 0.52
371.0 0.52
371.2 0.52
371.4 0.52
371.6 0.52
371.8 0.52
372.0 0.52
372.2 0.52
372.4 0.52
372.6 0.52
372.8 0.52
373.0 0.52
373.2 0.52
373.4 0.52
373.6 0.52
373.8 0.52
374.0 0.52
374.2 0.52
374.4 0.52
374.6 0.53
374.8 0.53
375.0 0.53
375.2 0.53
375.4 0.53
375.6 0.53
375.8 0.53
376.0 0.53
376.2 0.53
376.4 0.53
376.6 0.53
376.8 0.53
377.0 0.54
377.2 0.54
377.4 0.54
377.6 0.54
377.8 0.54
378.0 0.54
378.2 0.54
378.4 0.54
378.6 0.54
378.8 0.54
379.0 0.54
379.2 0.55
379.4 0.55
379.6 0.55
379.8 0.55
380.0 0.55
380.2 0.55
380.4 0.55
380.6 0.55
380.8 0.55
381.0 0.55
381.2 0.55
381.4 0.56
381.6 0.56
381.8 0.56
382.0 0.56
382.2 0.56
382.4 0.56
382.6 0.56
382.8 0.56
383.0 0.56
383.2 0.56
383.4 0.56
383.6 0.56
383.8 0.56
384.0 0.56
384.2 0.56
384.4 0.56
384.6 0.56
384.8 0.56
385.0 0.56
385.2 0.56
385.4 0.56
385.6 0.56
385.8 0.56
386.0 0.56
386.2 0.56
386.4 0.56
386.6 0.56
386.8 0.56
387.0 0.56
387.2 0.56
387.4 0.56
387.6 0.56
387.8 0.56
388.0 0.56
388.2 0.56
388.4 0.56
388.6 0.56
388.8 0.56
389.0 0.56
389.2 0.56
389.4 0.56
389.6 0.56
389.8 0.56
390.0 0.56
390.2 0.56
390.4 0.57
390.6 0.57
390.8 0.57
391.0 0.57
391.2 0.57
391.4 0.57
391.6 0.57
391.8 0.57
392.0 0.57
392.2 0.57
392.4 0.57
392.6 0.57
392.8 0.57
393.0 0.57
393.2 0.57
393.4 0.57
393.6 0.57
393.8 0.57
394.0 0.57
394.2 0.57
394.4 0.57
394.6 0.57
394.8 0.57
395.0 0.58
395.2 0.58
395.4 0.58
395.6 0.58
395.8 0.58
396.0 0.58
396.2 0.58
396.4 0.59
396.6 0.59
396.8 0.59
397.0 0.59
397.2 0.59
397.4 0.59
397.6 0.59
397.8 0.59
398.0 0.59
398.2 0.59
398.4 0.59
398.6 0.59
398.8 0.6
399.0 0.6
399.2 0.6
399.4 0.6
399.6 0.6
399.8 0.6
400.0 0.6
400.2 0.6
400.4 0.6
400.6 0.6
400.8 0.6
401.0 0.6
401.2 0.6
401.4 0.6
401.6 0.6
401.8 0.6
402.0 0.6
402.2 0.6
402.4 0.6
402.6 0.6
402.8 0.6
403.0 0.6
403.2 0.6
403.4 0.6
403.6 0.6
403.8 0.6
404.0 0.6
404.2 0.6
404.4 0.6
404.6 0.6
404.8 0.6
405.0 0.6
405.2 0.6
405.4 0.6
405.6 0.6
405.8 0.6
406.0 0.6
406.2 0.6
406.4 0.6
406.6 0.61
406.8 0.61
407.0 0.61
407.2 0.61
407.4 0.61
407.6 0.61
407.8 0.61
408.0 0.61
408.2 0.61
408.4 0.61
408.6 0.62
408.8 0.62
409.0 0.62
409.2 0.62
409.4 0.62
409.6 0.62
409.8 0.62
410.0 0.62
410.2 0.62
410.4 0.62
410.6 0.62
410.8 0.62
411.0 0.62
411.2 0.62
411.4 0.62
411.6 0.62
411.8 0.62
412.0 0.62
412.2 0.62
412.4 0.62
412.6 0.62
412.8 0.62
413.0 0.62
413.2 0.62
413.4 0.62
413.6 0.62
413.8 0.62
414.0 0.62
414.2 0.62
414.4 0.62
414.6 0.62
414.8 0.62
415.0 0.62
415.2 0.62
415.4 0.62
415.6 0.62
415.8 0.62
416.0 0.62
416.2 0.62
416.4 0.62
416.6 0.62
416.8 0.62
417.0 0.62
417.2 0.62
417.4 0.62
417.6 0.62
417.8 0.62
418.0 0.62
418.2 0.62
418.4 0.62
418.6 0.62
418.8 0.62
419.0 0.62
419.2 0.62
419.4 0.62
419.6 0.62
419.8 0.62
420.0 0.63
420.2 0.63
420.4 0.63
420.6 0.63
420.8 0.63
421.0 0.63
421.2 0.63
421.4 0.63
421.6 0.63
421.8 0.63
422.0 0.63
422.2 0.63
422.4 0.63
422.6 0.63
422.8 0.63
423.0 0.63
423.2 0.63
423.4 0.63
423.6 0.63
423.8 0.63
424.0 0.63
424.2 0.63
424.4 0.63
424.6 0.63
424.8 0.63
425.0 0.63
425.2 0.63
425.4 0.63
425.6 0.63
425.8 0.63
426.0 0.63
426.2 0.63
426.4 0.63
426.6 0.63
426.8 0.63
427.0 0.63
427.2 0.63
427.4 0.63
427.6 0.63
427.8 0.63
428.0 0.63
428.2 0.63
428.4 0.63
428.6 0.63
428.8 0.63
429.0 0.63
429.2 0.63
429.4 0.63
429.6 0.63
429.8 0.63
430.0 0.63
430.2 0.63
430.4 0.63
430.6 0.63
430.8 0.63
431.0 0.63
431.2 0.63
431.4 0.63
431.6 0.63
431.8 0.63
432.0 0.63
432.2 0.63
432.4 0.63
432.6 0.63
432.8 0.63
433.0 0.63
433.2 0.63
433.4 0.63
433.6 0.63
433.8 0.63
434.0 0.63
434.2 0.63
434.4 0.63
434.6 0.63
434.8 0.63
435.0 0.63
435.2 0.63
435.4 0.63
435.6 0.63
435.8 0.63
436.0 0.63
436.2 0.63
436.4 0.63
436.6 0.63
436.8 0.63
437.0 0.63
437.2 0.63
437.4 0.63
437.6 0.63
437.8 0.63
438.0 0.63
438.2 0.63
438.4 0.63
438.6 0.63
438.8 0.63
439.0 0.63
439.2 0.63
439.4 0.63
439.6 0.63
439.8 0.63
440.0 0.63
440.2 0.63
440.4 0.63
440.6 0.63
440.8 0.63
441.0 0.63
441.2 0.63
441.4 0.63
441.6 0.63
441.8 0.63
442.0 0.63
442.2 0.63
442.4 0.63
442.6 0.63
442.8 0.63
443.0 0.63
443.2 0.63
443.4 0.64
443.6 0.64
443.8 0.64
444.0 0.64
444.2 0.64
444.4 0.64
444.6 0.64
444.8 0.64
445.0 0.64
445.2 0.64
445.4 0.64
445.6 0.64
445.8 0.64
446.0 0.64
446.2 0.64
446.4 0.64
446.6 0.64
446.8 0.64
447.0 0.64
447.2 0.64
447.4 0.64
447.6 0.64
447.8 0.64
448.0 0.64
448.2 0.64
448.4 0.64
448.6 0.64
448.8 0.64
449.0 0.64
449.2 0.64
449.4 0.64
449.6 0.64
449.8 0.64
450.0 0.65
450.2 0.65
450.4 0.65
450.6 0.65
450.8 0.65
451.0 0.65
451.2 0.65
451.4 0.65
451.6 0.65
451.8 0.66
452.0 0.66
452.2 0.66
452.4 0.66
452.6 0.66
452.8 0.66
453.0 0.66
453.2 0.66
453.4 0.66
453.6 0.66
453.8 0.66
454.0 0.66
454.2 0.66
454.4 0.66
454.6 0.66
454.8 0.66
455.0 0.66
455.2 0.66
455.4 0.66
455.6 0.66
455.8 0.66
456.0 0.66
456.2 0.66
456.4 0.66
456.6 0.66
456.8 0.66
457.0 0.66
457.2 0.66
457.4 0.66
457.6 0.66
457.8 0.66
458.0 0.66
458.2 0.66
458.4 0.66
458.6 0.66
458.8 0.66
459.0 0.66
459.2 0.66
459.4 0.66
459.6 0.66
459.8 0.66
460.0 0.66
460.2 0.66
460.4 0.66
460.6 0.66
460.8 0.66
461.0 0.66
461.2 0.66
461.4 0.66
461.6 0.66
461.8 0.66
462.0 0.66
462.2 0.66
462.4 0.66
462.6 0.66
462.8 0.66
463.0 0.66
463.2 0.66
463.4 0.66
463.6 0.66
463.8 0.66
464.0 0.66
464.2 0.66
464.4 0.66
464.6 0.66
464.8 0.66
465.0 0.66
465.2 0.66
465.4 0.66
465.6 0.66
465.8 0.66
466.0 0.66
466.2 0.66
466.4 0.66
466.6 0.66
466.8 0.66
467.0 0.66
467.2 0.66
467.4 0.66
467.6 0.66
467.8 0.66
468.0 0.66
468.2 0.66
468.4 0.66
468.6 0.66
468.8 0.66
469.0 0.66
469.2 0.66
469.4 0.66
469.6 0.66
469.8 0.66
470.0 0.66
470.2 0.66
470.4 0.66
470.6 0.66
470.8 0.66
471.0 0.66
471.2 0.66
471.4 0.66
471.6 0.66
471.8 0.66
472.0 0.66
472.2 0.66
472.4 0.66
472.6 0.66
472.8 0.66
473.0 0.66
473.2 0.66
473.4 0.66
473.6 0.66
473.8 0.66
474.0 0.66
474.2 0.66
474.4 0.66
474.6 0.66
474.8 0.66
475.0 0.66
475.2 0.66
475.4 0.66
475.6 0.66
475.8 0.66
476.0 0.66
476.2 0.66
476.4 0.66
476.6 0.66
476.8 0.66
477.0 0.66
477.2 0.66
477.4 0.66
477.6 0.66
477.8 0.66
478.0 0.66
478.2 0.66
478.4 0.66
478.6 0.66
478.8 0.66
479.0 0.66
479.2 0.66
479.4 0.66
479.6 0.66
479.8 0.66
480.0 0.66
480.2 0.66
480.4 0.66
480.6 0.66
480.8 0.66
481.0 0.66
481.2 0.66
481.4 0.66
481.6 0.66
481.8 0.66
482.0 0.66
482.2 0.66
482.4 0.66
482.6 0.66
482.8 0.66
483.0 0.66
483.2 0.66
483.4 0.66
483.6 0.66
483.8 0.66
484.0 0.66
484.2 0.66
484.4 0.66
484.6 0.66
484.8 0.66
485.0 0.66
485.2 0.66
485.4 0.66
485.6 0.66
485.8 0.66
486.0 0.66
486.2 0.66
486.4 0.66
486.6 0.66
486.8 0.66
487.0 0.66
487.2 0.66
487.4 0.66
487.6 0.66
487.8 0.66
488.0 0.66
488.2 0.66
488.4 0.66
488.6 0.66
488.8 0.66
489.0 0.66
489.2 0.66
489.4 0.66
489.6 0.66
489.8 0.66
490.0 0.66
490.2 0.66
490.4 0.66
490.6 0.66
490.8 0.66
491.0 0.66
491.2 0.66
491.4 0.66
491.6 0.66
491.8 0.66
492.0 0.66
492.2 0.66
492.4 0.66
492.6 0.66
492.8 0.66
493.0 0.66
493.2 0.66
493.4 0.66
493.6 0.66
493.8 0.67
494.0 0.67
494.2 0.67
494.4 0.67
494.6 0.67
494.8 0.67
495.0 0.67
495.2 0.67
495.4 0.67
495.6 0.67
495.8 0.67
496.0 0.67
496.2 0.67
496.4 0.67
496.6 0.67
496.8 0.67
497.0 0.67
497.2 0.67
497.4 0.67
497.6 0.67
497.8 0.67
498.0 0.67
498.2 0.67
498.4 0.67
498.6 0.67
498.8 0.67
499.0 0.67
499.2 0.67
499.4 0.67
499.6 0.67
499.8 0.67
500.0 0.67
500.2 0.67
500.4 0.67
500.6 0.67
500.8 0.67
501.0 0.67
501.2 0.67
501.4 0.67
501.6 0.67
501.8 0.67
502.0 0.67
502.2 0.67
502.4 0.67
502.6 0.67
502.8 0.67
503.0 0.67
503.2 0.67
503.4 0.67
503.6 0.67
503.8 0.67
504.0 0.67
504.2 0.67
504.4 0.67
504.6 0.67
504.8 0.67
505.0 0.67
505.2 0.67
505.4 0.67
505.6 0.67
505.8 0.67
506.0 0.67
506.2 0.67
506.4 0.67
506.6 0.67
506.8 0.67
507.0 0.67
507.2 0.67
507.4 0.67
507.6 0.67
507.8 0.67
508.0 0.67
508.2 0.67
508.4 0.67
508.6 0.67
508.8 0.67
509.0 0.67
509.2 0.67
509.4 0.67
509.6 0.67
509.8 0.67
510.0 0.67
510.2 0.67
510.4 0.67
510.6 0.67
510.8 0.67
511.0 0.67
511.2 0.67
511.4 0.67
511.6 0.67
511.8 0.67
512.0 0.68
512.2 0.68
512.4 0.68
512.6 0.68
512.8 0.68
513.0 0.68
513.2 0.68
513.4 0.68
513.6 0.68
513.8 0.68
514.0 0.68
514.2 0.68
514.4 0.68
514.6 0.68
514.8 0.68
515.0 0.68
515.2 0.68
515.4 0.68
515.6 0.68
515.8 0.68
516.0 0.68
516.2 0.68
516.4 0.68
516.6 0.68
516.8 0.68
517.0 0.68
517.2 0.68
517.4 0.68
517.6 0.68
517.8 0.68
518.0 0.68
518.2 0.68
518.4 0.68
518.6 0.68
518.8 0.68
519.0 0.68
519.2 0.68
519.4 0.68
519.6 0.68
519.8 0.68
520.0 0.68
520.2 0.68
520.4 0.68
520.6 0.68
520.8 0.68
521.0 0.68
521.2 0.68
521.4 0.68
521.6 0.68
521.8 0.68
522.0 0.68
522.2 0.68
522.4 0.68
522.6 0.68
522.8 0.68
523.0 0.68
523.2 0.68
523.4 0.68
523.6 0.68
523.8 0.68
524.0 0.68
524.2 0.68
524.4 0.68
524.6 0.68
524.8 0.68
525.0 0.68
525.2 0.68
525.4 0.68
525.6 0.68
525.8 0.68
526.0 0.68
526.2 0.68
526.4 0.68
526.6 0.68
526.8 0.68
527.0 0.68
527.2 0.68
527.4 0.68
527.6 0.68
527.8 0.68
528.0 0.68
528.2 0.68
528.4 0.68
528.6 0.68
528.8 0.68
529.0 0.68
529.2 0.68
529.4 0.68
529.6 0.68
529.8 0.68
530.0 0.68
530.2 0.68
530.4 0.68
530.6 0.68
530.8 0.68
531.0 0.68
531.2 0.68
531.4 0.68
531.6 0.68
531.8 0.68
532.0 0.68
532.2 0.68
532.4 0.68
532.6 0.68
532.8 0.68
533.0 0.68
533.2 0.68
533.4 0.68
533.6 0.68
533.8 0.68
534.0 0.68
534.2 0.68
534.4 0.68
534.6 0.68
534.8 0.68
535.0 0.68
535.2 0.68
535.4 0.68
535.6 0.68
535.8 0.68
536.0 0.68
536.2 0.68
536.4 0.68
536.6 0.68
536.8 0.68
537.0 0.68
537.2 0.68
537.4 0.68
537.6 0.68
537.8 0.68
538.0 0.68
538.2 0.68
538.4 0.68
538.6 0.68
538.8 0.68
539.0 0.68
539.2 0.68
539.4 0.68
539.6 0.68
539.8 0.68
540.0 0.68
540.2 0.68
540.4 0.68
540.6 0.68
540.8 0.68
541.0 0.68
541.2 0.68
541.4 0.68
541.6 0.68
541.8 0.68
542.0 0.68
542.2 0.68
542.4 0.68
542.6 0.68
542.8 0.68
543.0 0.68
543.2 0.68
543.4 0.68
543.6 0.68
543.8 0.68
544.0 0.68
544.2 0.69
544.4 0.69
544.6 0.69
544.8 0.69
545.0 0.69
545.2 0.69
545.4 0.69
545.6 0.69
545.8 0.69
546.0 0.69
546.2 0.69
546.4 0.69
546.6 0.69
546.8 0.69
547.0 0.69
547.2 0.69
547.4 0.69
547.6 0.69
547.8 0.69
548.0 0.7
548.2 0.7
548.4 0.7
548.6 0.7
548.8 0.7
549.0 0.7
549.2 0.7
549.4 0.7
549.6 0.7
549.8 0.7
550.0 0.7
550.2 0.7
550.4 0.7
550.6 0.71
550.8 0.71
551.0 0.71
551.2 0.71
551.4 0.71
551.6 0.71
551.8 0.71
552.0 0.71
552.2 0.71
552.4 0.71
552.6 0.71
552.8 0.71
553.0 0.71
553.2 0.71
553.4 0.71
553.6 0.72
553.8 0.72
554.0 0.72
554.2 0.72
554.4 0.72
554.6 0.72
554.8 0.72
555.0 0.72
555.2 0.72
555.4 0.72
555.6 0.72
555.8 0.72
556.0 0.72
556.2 0.72
556.4 0.72
556.6 0.72
556.8 0.72
557.0 0.72
557.2 0.72
557.4 0.72
557.6 0.72
557.8 0.72
558.0 0.72
558.2 0.72
558.4 0.72
558.6 0.72
558.8 0.72
559.0 0.72
559.2 0.72
559.4 0.72
559.6 0.72
559.8 0.72
560.0 0.72
560.2 0.72
560.4 0.72
560.6 0.72
560.8 0.72
561.0 0.72
561.2 0.72
561.4 0.72
561.6 0.72
561.8 0.72
562.0 0.72
562.2 0.72
562.4 0.72
562.6 0.72
562.8 0.72
563.0 0.72
563.2 0.72
563.4 0.72
563.6 0.72
563.8 0.72
564.0 0.72
564.2 0.72
564.4 0.72
564.6 0.72
564.8 0.72
565.0 0.72
565.2 0.72
565.4 0.72
565.6 0.72
565.8 0.72
566.0 0.72
566.2 0.72
566.4 0.72
566.6 0.72
566.8 0.72
567.0 0.72
567.2 0.72
567.4 0.72
567.6 0.72
567.8 0.72
568.0 0.72
568.2 0.72
568.4 0.72
568.6 0.72
568.8 0.72
569.0 0.72
569.2 0.72
569.4 0.72
569.6 0.72
569.8 0.72
570.0 0.72
570.2 0.72
570.4 0.72
570.6 0.72
570.8 0.72
571.0 0.72
571.2 0.72
571.4 0.72
571.6 0.72
571.8 0.72
572.0 0.72
572.2 0.72
572.4 0.72
572.6 0.72
572.8 0.72
573.0 0.72
573.2 0.72
573.4 0.72
573.6 0.72
573.8 0.72
574.0 0.72
574.2 0.72
574.4 0.72
574.6 0.72
574.8 0.72
575.0 0.72
575.2 0.72
575.4 0.72
575.6 0.72
575.8 0.72
576.0 0.72
576.2 0.72
576.4 0.72
576.6 0.72
576.8 0.72
577.0 0.72
577.2 0.72
577.4 0.72
577.6 0.72
577.8 0.72
578.0 0.72
578.2 0.72
578.4 0.72
578.6 0.72
578.8 0.72
579.0 0.72
579.2 0.72
579.4 0.72
579.6 0.72
579.8 0.73
580.0 0.73
580.2 0.73
580.4 0.73
580.6 0.73
580.8 0.73
581.0 0.73
581.2 0.73
581.4 0.73
581.6 0.73
581.8 0.73
582.0 0.73
582.2 0.73
582.4 0.73
582.6 0.73
582.8 0.73
583.0 0.73
583.2 0.73
583.4 0.73
583.6 0.73
583.8 0.73
584.0 0.73
584.2 0.73
584.4 0.73
584.6 0.73
584.8 0.74
585.0 0.74
585.2 0.74
585.4 0.74
585.6 0.74
585.8 0.74
586.0 0.74
586.2 0.74
586.4 0.74
586.6 0.74
586.8 0.74
587.0 0.74
587.2 0.74
587.4 0.74
587.6 0.74
587.8 0.74
588.0 0.74
588.2 0.74
588.4 0.74
588.6 0.74
588.8 0.74
589.0 0.74
589.2 0.74
589.4 0.74
589.6 0.74
589.8 0.74
590.0 0.74
590.2 0.74
590.4 0.74
590.6 0.74
590.8 0.74
591.0 0.74
591.2 0.74
591.4 0.74
591.6 0.74
591.8 0.74
592.0 0.74
592.2 0.74
592.4 0.74
592.6 0.74
592.8 0.74
593.0 0.74
593.2 0.74
593.4 0.74
593.6 0.74
593.8 0.74
594.0 0.74
594.2 0.74
594.4 0.74
594.6 0.74
594.8 0.74
595.0 0.74
595.2 0.74
595.4 0.74
595.6 0.74
595.8 0.74
596.0 0.74
596.2 0.74
596.4 0.74
596.6 0.74
596.8 0.74
597.0 0.74
597.2 0.74
597.4 0.74
597.6 0.74
597.8 0.74
598.0 0.74
598.2 0.74
598.4 0.74
598.6 0.74
598.8 0.74
599.0 0.74
599.2 0.74
599.4 0.74
599.6 0.74
599.8 0.74
600.0 0.74
600.2 0.74
600.4 0.74
600.6 0.74
600.8 0.74
601.0 0.74
601.2 0.74
601.4 0.74
601.6 0.74
601.8 0.74
602.0 0.74
602.2 0.74
602.4 0.74
602.6 0.74
602.8 0.74
603.0 0.74
603.2 0.74
603.4 0.74
603.6 0.74
603.8 0.74
604.0 0.74
604.2 0.74
604.4 0.74
604.6 0.74
604.8 0.74
605.0 0.74
605.2 0.74
605.4 0.74
605.6 0.74
605.8 0.75
606.0 0.75
606.2 0.75
606.4 0.75
606.6 0.75
606.8 0.75
607.0 0.75
607.2 0.75
607.4 0.75
607.6 0.75
607.8 0.75
608.0 0.75
608.2 0.75
608.4 0.75
608.6 0.75
608.8 0.75
609.0 0.75
609.2 0.75
609.4 0.75
609.6 0.75
609.8 0.75
610.0 0.75
610.2 0.75
610.4 0.75
610.6 0.75
610.8 0.75
611.0 0.75
611.2 0.75
611.4 0.75
611.6 0.75
611.8 0.75
612.0 0.75
612.2 0.75
612.4 0.75
612.6 0.75
612.8 0.75
613.0 0.75
613.2 0.75
613.4 0.75
613.6 0.75
613.8 0.75
614.0 0.75
614.2 0.75
614.4 0.75
614.6 0.75
614.8 0.75
615.0 0.75
615.2 0.75
615.4 0.75
615.6 0.75
615.8 0.75
616.0 0.75
616.2 0.75
616.4 0.75
616.6 0.75
616.8 0.75
617.0 0.75
617.2 0.75
617.4 0.75
617.6 0.75
617.8 0.75
618.0 0.75
618.2 0.75
618.4 0.75
618.6 0.76
618.8 0.76
619.0 0.76
619.2 0.76
619.4 0.76
619.6 0.76
619.8 0.76
620.0 0.76
620.2 0.76
620.4 0.76
620.6 0.76
620.8 0.76
621.0 0.76
621.2 0.76
621.4 0.77
621.6 0.77
621.8 0.77
622.0 0.77
622.2 0.77
622.4 0.77
622.6 0.77
622.8 0.77
623.0 0.77
623.2 0.77
623.4 0.77
623.6 0.77
623.8 0.77
624.0 0.78
624.2 0.78
624.4 0.78
624.6 0.78
624.8 0.78
625.0 0.78
625.2 0.78
625.4 0.78
625.6 0.78
625.8 0.78
626.0 0.78
626.2 0.78
626.4 0.78
626.6 0.78
626.8 0.78
627.0 0.78
627.2 0.78
627.4 0.78
627.6 0.78
627.8 0.78
628.0 0.78
628.2 0.78
628.4 0.78
628.6 0.78
628.8 0.78
629.0 0.78
629.2 0.78
629.4 0.78
629.6 0.78
629.8 0.78
630.0 0.78
630.2 0.78
630.4 0.78
630.6 0.78
630.8 0.78
631.0 0.78
631.2 0.78
631.4 0.78
631.6 0.78
631.8 0.78
632.0 0.78
632.2 0.78
632.4 0.78
632.6 0.78
632.8 0.78
633.0 0.78
633.2 0.78
633.4 0.78
633.6 0.78
633.8 0.78
634.0 0.78
634.2 0.78
634.4 0.78
634.6 0.78
634.8 0.78
635.0 0.78
635.2 0.78
635.4 0.78
635.6 0.78
635.8 0.78
636.0 0.78
636.2 0.78
636.4 0.78
636.6 0.78
636.8 0.78
637.0 0.78
637.2 0.78
637.4 0.78
637.6 0.78
637.8 0.78
638.0 0.78
638.2 0.78
638.4 0.78
638.6 0.78
638.8 0.78
639.0 0.78
639.2 0.78
639.4 0.78
639.6 0.78
639.8 0.78
640.0 0.78
640.2 0.78
640.4 0.78
640.6 0.78
640.8 0.78
641.0 0.78
641.2 0.78
641.4 0.78
641.6 0.78
641.8 0.78
642.0 0.78
642.2 0.78
642.4 0.78
642.6 0.79
642.8 0.79
643.0 0.79
643.2 0.79
643.4 0.79
643.6 0.79
643.8 0.79
644.0 0.79
644.2 0.79
644.4 0.79
644.6 0.79
644.8 0.79
645.0 0.79
645.2 0.79
645.4 0.79
645.6 0.79
645.8 0.79
646.0 0.79
646.2 0.79
646.4 0.79
646.6 0.79
646.8 0.79
647.0 0.79
647.2 0.79
647.4 0.79
647.6 0.79
647.8 0.79
648.0 0.79
648.2 0.79
648.4 0.79
648.6 0.79
648.8 0.79
649.0 0.79
649.2 0.79
649.4 0.79
649.6 0.79
649.8 0.79
650.0 0.79
650.2 0.79
650.4 0.79
650.6 0.79
650.8 0.79
651.0 0.79
651.2 0.79
651.4 0.79
651.6 0.79
651.8 0.79
652.0 0.79
652.2 0.79
652.4 0.79
652.6 0.79
652.8 0.79
653.0 0.79
653.2 0.79
653.4 0.79
653.6 0.79
653.8 0.79
654.0 0.8
654.2 0.8
654.4 0.8
654.6 0.8
654.8 0.8
655.0 0.8
655.2 0.8
655.4 0.8
655.6 0.8
655.8 0.8
656.0 0.8
656.2 0.8
656.4 0.8
656.6 0.8
656.8 0.8
657.0 0.8
657.2 0.8
657.4 0.8
657.6 0.8
657.8 0.8
658.0 0.8
658.2 0.8
658.4 0.8
658.6 0.8
658.8 0.8
659.0 0.8
659.2 0.8
659.4 0.8
659.6 0.8
659.8 0.8
660.0 0.8
660.2 0.8
660.4 0.8
660.6 0.8
660.8 0.8
661.0 0.8
661.2 0.8
661.4 0.8
661.6 0.8
661.8 0.8
662.0 0.8
662.2 0.8
662.4 0.8
662.6 0.8
662.8 0.8
663.0 0.8
663.2 0.8
663.4 0.8
663.6 0.8
663.8 0.8
664.0 0.8
664.2 0.8
664.4 0.8
664.6 0.8
664.8 0.8
665.0 0.8
665.2 0.8
665.4 0.8
665.6 0.8
665.8 0.8
666.0 0.8
666.2 0.8
666.4 0.8
666.6 0.8
666.8 0.8
667.0 0.8
667.2 0.8
667.4 0.8
667.6 0.8
667.8 0.8
668.0 0.8
668.2 0.8
668.4 0.8
668.6 0.8
668.8 0.8
669.0 0.8
669.2 0.8
669.4 0.8
669.6 0.8
669.8 0.8
670.0 0.8
670.2 0.8
670.4 0.8
670.6 0.8
670.8 0.8
671.0 0.8
671.2 0.8
671.4 0.8
671.6 0.8
671.8 0.8
672.0 0.8
672.2 0.8
672.4 0.8
672.6 0.8
672.8 0.8
673.0 0.8
673.2 0.8
673.4 0.8
673.6 0.8
673.8 0.8
674.0 0.8
674.2 0.8
674.4 0.8
674.6 0.8
674.8 0.8
675.0 0.8
675.2 0.8
675.4 0.8
675.6 0.8
675.8 0.8
676.0 0.8
676.2 0.8
676.4 0.8
676.6 0.8
676.8 0.8
677.0 0.8
677.2 0.8
677.4 0.8
677.6 0.8
677.8 0.8
678.0 0.8
678.2 0.8
678.4 0.8
678.6 0.8
678.8 0.8
679.0 0.8
679.2 0.8
679.4 0.8
679.6 0.8
679.8 0.8
680.0 0.8
680.2 0.8
680.4 0.8
680.6 0.8
680.8 0.8
681.0 0.8
681.2 0.8
681.4 0.8
681.6 0.8
681.8 0.8
682.0 0.8
682.2 0.8
682.4 0.8
682.6 0.8
682.8 0.8
683.0 0.8
683.2 0.8
683.4 0.8
683.6 0.8
683.8 0.8
684.0 0.8
684.2 0.8
684.4 0.8
684.6 0.81
684.8 0.81
685.0 0.81
685.2 0.81
685.4 0.81
685.6 0.81
685.8 0.81
686.0 0.81
686.2 0.81
686.4 0.81
686.6 0.81
686.8 0.81
687.0 0.81
687.2 0.81
687.4 0.81
687.6 0.81
687.8 0.81
688.0 0.81
688.2 0.81
688.4 0.81
688.6 0.81
688.8 0.81
689.0 0.81
689.2 0.81
689.4 0.81
689.6 0.81
689.8 0.81
690.0 0.81
690.2 0.81
690.4 0.81
690.6 0.81
690.8 0.81
691.0 0.81
691.2 0.81
691.4 0.82
691.6 0.82
691.8 0.82
692.0 0.82
692.2 0.82
692.4 0.82
692.6 0.83
692.8 0.83
693.0 0.83
693.2 0.83
693.4 0.83
693.6 0.83
693.8 0.83
694.0 0.83
694.2 0.83
694.4 0.83
694.6 0.83
694.8 0.83
695.0 0.83
695.2 0.83
695.4 0.83
695.6 0.83
695.8 0.83
696.0 0.83
696.2 0.83
696.4 0.83
696.6 0.83
696.8 0.83
697.0 0.83
697.2 0.83
697.4 0.83
697.6 0.84
697.8 0.84
698.0 0.84
698.2 0.84
698.4 0.84
698.6 0.84
698.8 0.84
699.0 0.84
699.2 0.84
699.4 0.84
699.6 0.84
699.8 0.84
700.0 0.84
700.2 0.84
700.4 0.84
700.6 0.84
700.8 0.84
701.0 0.84
701.2 0.84
701.4 0.84
701.6 0.84
701.8 0.84
702.0 0.84
702.2 0.84
702.4 0.84
702.6 0.84
702.8 0.84
703.0 0.84
703.2 0.84
703.4 0.84
703.6 0.84
703.8 0.84
704.0 0.84
704.2 0.84
704.4 0.84
704.6 0.84
704.8 0.84
705.0 0.84
705.2 0.84
705.4 0.85
705.6 0.85
705.8 0.85
706.0 0.85
706.2 0.85
706.4 0.85
706.6 0.85
706.8 0.85
707.0 0.85
707.2 0.85
707.4 0.85
707.6 0.85
707.8 0.85
708.0 0.85
708.2 0.85
708.4 0.85
708.6 0.85
708.8 0.85
709.0 0.85
709.2 0.85
709.4 0.85
709.6 0.85
709.8 0.85
710.0 0.85
710.2 0.85
710.4 0.85
710.6 0.85
710.8 0.85
711.0 0.85
711.2 0.85
711.4 0.85
711.6 0.86
711.8 0.86
712.0 0.86
712.2 0.86
712.4 0.86
712.6 0.86
712.8 0.86
713.0 0.86
713.2 0.86
713.4 0.86
713.6 0.86
713.8 0.86
714.0 0.86
714.2 0.86
714.4 0.86
714.6 0.86
714.8 0.86
715.0 0.86
715.2 0.86
715.4 0.86
715.6 0.86
715.8 0.86
716.0 0.86
716.2 0.86
716.4 0.86
716.6 0.86
716.8 0.86
717.0 0.86
717.2 0.86
717.4 0.86
717.6 0.86
717.8 0.86
718.0 0.86
718.2 0.86
718.4 0.86
718.6 0.86
718.8 0.86
719.0 0.86
719.2 0.86
719.4 0.86
719.6 0.87
719.8 0.87
720.0 0.87
720.2 0.87
720.4 0.87
720.6 0.87
720.8 0.87
721.0 0.87
721.2 0.87
721.4 0.87
721.6 0.88
721.8 0.88
722.0 0.88
722.2 0.88
722.4 0.88
722.6 0.88
722.8 0.88
723.0 0.88
723.2 0.88
723.4 0.88
723.6 0.88
723.8 0.88
724.0 0.88
724.2 0.88
724.4 0.88
724.6 0.88
724.8 0.88
725.0 0.88
725.2 0.88
725.4 0.88
725.6 0.88
725.8 0.88
726.0 0.88
726.2 0.88
726.4 0.88
726.6 0.88
726.8 0.88
727.0 0.88
727.2 0.88
727.4 0.88
727.6 0.88
727.8 0.88
728.0 0.88
728.2 0.88
728.4 0.88
728.6 0.88
728.8 0.88
729.0 0.88
729.2 0.88
729.4 0.88
729.6 0.88
729.8 0.88
730.0 0.88
730.2 0.88
730.4 0.88
730.6 0.88
730.8 0.88
731.0 0.88
731.2 0.88
731.4 0.88
731.6 0.88
731.8 0.88
732.0 0.88
732.2 0.88
732.4 0.88
732.6 0.88
732.8 0.88
733.0 0.88
733.2 0.88
733.4 0.88
733.6 0.88
733.8 0.88
734.0 0.88
734.2 0.88
734.4 0.88
734.6 0.88
734.8 0.88
735.0 0.88
735.2 0.88
735.4 0.88
735.6 0.88
735.8 0.88
736.0 0.88
736.2 0.88
736.4 0.88
736.6 0.88
736.8 0.88
737.0 0.88
737.2 0.88
737.4 0.88
737.6 0.88
737.8 0.88
738.0 0.89
738.2 0.89
738.4 0.89
738.6 0.89
738.8 0.89
739.0 0.89
739.2 0.89
739.4 0.89
739.6 0.89
739.8 0.89
740.0 0.89
740.2 0.89
740.4 0.89
740.6 0.89
740.8 0.89
741.0 0.89
741.2 0.89
741.4 0.89
741.6 0.89
741.8 0.89
742.0 0.89
742.2 0.89
742.4 0.89
742.6 0.89
742.8 0.89
743.0 0.89
743.2 0.89
743.4 0.89
743.6 0.89
743.8 0.89
744.0 0.89
744.2 0.89
744.4 0.89
744.6 0.89
744.8 0.89
745.0 0.89
745.2 0.89
745.4 0.89
745.6 0.89
745.8 0.89
746.0 0.89
746.2 0.89
746.4 0.89
746.6 0.89
746.8 0.89
747.0 0.89
747.2 0.89
747.4 0.89
747.6 0.9
747.8 0.9
748.0 0.9
748.2 0.9
748.4 0.9
748.6 0.9
748.8 0.9
749.0 0.9
749.2 0.9
749.4 0.9
749.6 0.9
749.8 0.9
750.0 0.9
750.2 0.9
750.4 0.9
750.6 0.9
750.8 0.9
751.0 0.9
751.2 0.9
751.4 0.9
751.6 0.9
751.8 0.9
752.0 0.9
752.2 0.9
752.4 0.9
752.6 0.9
752.8 0.9
753.0 0.9
753.2 0.9
753.4 0.9
753.6 0.9
753.8 0.9
754.0 0.9
754.2 0.9
754.4 0.9
754.6 0.9
754.8 0.9
755.0 0.9
755.2 0.9
755.4 0.9
755.6 0.9
755.8 0.9
756.0 0.9
756.2 0.9
756.4 0.9
756.6 0.9
756.8 0.91
757.0 0.91
757.2 0.91
757.4 0.91
757.6 0.91
757.8 0.91
758.0 0.91
758.2 0.91
758.4 0.91
758.6 0.91
758.8 0.91
759.0 0.91
759.2 0.91
759.4 0.91
759.6 0.91
759.8 0.91
760.0 0.91
760.2 0.91
760.4 0.91
760.6 0.91
760.8 0.91
761.0 0.91
761.2 0.91
761.4 0.91
761.6 0.91
761.8 0.91
762.0 0.91
762.2 0.91
762.4 0.91
762.6 0.91
762.8 0.91
763.0 0.91
763.2 0.91
763.4 0.91
763.6 0.91
763.8 0.91
764.0 0.91
764.2 0.91
764.4 0.91
764.6 0.91
764.8 0.91
765.0 0.91
765.2 0.91
765.4 0.91
765.6 0.91
765.8 0.91
766.0 0.91
766.2 0.91
766.4 0.91
766.6 0.91
766.8 0.91
767.0 0.91
767.2 0.91
767.4 0.91
767.6 0.91
767.8 0.91
768.0 0.91
768.2 0.91
768.4 0.91
768.6 0.91
768.8 0.91
769.0 0.91
769.2 0.91
769.4 0.91
769.6 0.91
769.8 0.91
770.0 0.91
770.2 0.91
770.4 0.91
770.6 0.91
770.8 0.91
771.0 0.91
771.2 0.91
771.4 0.91
771.6 0.91
771.8 0.91
772.0 0.91
772.2 0.91
772.4 0.91
772.6 0.91
772.8 0.91
773.0 0.91
773.2 0.91
773.4 0.91
773.6 0.91
773.8 0.91
774.0 0.91
774.2 0.91
774.4 0.91
774.6 0.91
774.8 0.91
775.0 0.91
775.2 0.92
775.4 0.92
775.6 0.92
775.8 0.92
776.0 0.92
776.2 0.92
776.4 0.92
776.6 0.92
776.8 0.92
777.0 0.92
777.2 0.92
777.4 0.92
777.6 0.92
777.8 0.92
778.0 0.92
778.2 0.92
778.4 0.92
778.6 0.92
778.8 0.92
779.0 0.92
779.2 0.92
779.4 0.92
779.6 0.92
779.8 0.92
780.0 0.92
780.2 0.92
780.4 0.92
780.6 0.92
780.8 0.92
781.0 0.93
781.2 0.93
781.4 0.93
781.6 0.93
781.8 0.93
782.0 0.93
782.2 0.93
782.4 0.94
782.6 0.94
782.8 0.94
783.0 0.94
783.2 0.94
783.4 0.94
783.6 0.94
783.8 0.95
784.0 0.95
784.2 0.95
784.4 0.95
784.6 0.95
784.8 0.95
785.0 0.95
785.2 0.95
785.4 0.95
785.6 0.95
785.8 0.95
786.0 0.95
786.2 0.95
786.4 0.95
786.6 0.95
786.8 0.95
787.0 0.95
787.2 0.95
787.4 0.95
787.6 0.95
787.8 0.95
788.0 0.95
788.2 0.95
788.4 0.95
788.6 0.95
788.8 0.95
789.0 0.95
789.2 0.95
789.4 0.95
789.6 0.95
789.8 0.95
790.0 0.95
790.2 0.95
790.4 0.95
790.6 0.95
790.8 0.95
791.0 0.95
791.2 0.95
791.4 0.95
791.6 0.95
791.8 0.95
792.0 0.95
792.2 0.95
792.4 0.95
792.6 0.95
792.8 0.95
793.0 0.95
793.2 0.95
793.4 0.95
793.6 0.95
793.8 0.96
794.0 0.96
794.2 0.96
794.4 0.96
794.6 0.97
794.8 0.97
795.0 0.97
795.2 0.98
795.4 0.98
795.6 0.98
795.8 0.99
796.0 0.99
796.2 0.99
796.4 0.99
796.6 0.99
796.8 1.0
